2.59207 1.50552
2.58825 1.51111
2.58449 1.51672
2.58016 1.52158
2.57652 1.52724
2.57229 1.53216
2.56877 1.53786
2.56464 1.54283
2.56057 1.54784
2.55722 1.5536
2.55326 1.55866
2.54934 1.56375
2.54547 1.56886
2.54166 1.574
2.5379 1.57917
2.53418 1.58436
2.53052 1.58958
2.52692 1.59483
2.52336 1.6001
2.51911 1.60472
2.51566 1.61004
2.5115 1.61473
2.50814 1.62011
2.50407 1.62486
2.50081 1.63029
2.49683 1.63511
2.49289 1.63996
2.48978 1.64546
2.48594 1.65038
2.48213 1.65532
2.47837 1.6603
2.47466 1.66531
2.47098 1.67036
2.46735 1.67543
2.46377 1.68054
2.46023 1.68568
2.45673 1.69085
2.45245 1.6955
2.44904 1.70073
2.44483 1.70546
2.44151 1.71077
2.43738 1.71558
2.43415 1.72095
2.4301 1.72584
2.42695 1.73127
2.42299 1.73623
2.41906 1.74124
2.41517 1.7463
2.41132 1.75139
2.40751 1.75652
2.40375 1.7617
2.40002 1.76691
2.39634 1.77217
2.39269 1.77747
2.3891 1.7828
2.38463 1.78776
2.38111 1.79318
2.37672 1.79825
2.37329 1.80375
2.36898 1.80892
2.36564 1.81451
2.36141 1.81977
2.35721 1.82508
2.35306 1.83045
2.3499 1.83621
2.34583 1.84168
2.34181 1.84719
2.33688 1.85245
2.33294 1.85807
2.32905 1.86375
2.3252 1.86948
2.32043 1.87498
2.31667 1.88081
2.31199 1.88644
2.30832 1.89238
2.30373 1.89812
2.29918 1.90393
2.30284 1.19883
2.30973 1.2058
2.31667 1.21269
2.32273 1.21984
2.32977 1.22655
2.33686 1.23315
2.34307 1.24006
2.35024 1.24649
2.35654 1.25323
2.3629 1.2599
2.36929 1.26649
2.37664 1.27256
2.38223 1.27942
2.38876 1.28577
2.39534 1.29203
2.40196 1.29822
2.40774 1.30479
2.41444 1.31082
2.42032 1.31726
2.4271 1.32314
2.43307 1.32943
2.43908 1.33566
2.44513 1.34183
2.45123 1.34792
2.45737 1.35395
2.46355 1.3599
2.46978 1.36579
2.47522 1.37217
2.48153 1.37793
2.48707 1.38419
2.49347 1.38981
2.49909 1.39595
2.50557 1.40144
2.51129 1.40747
2.51705 1.41343
2.52287 1.41933
2.52872 1.42518
2.53462 1.43097
2.54057 1.4367
2.5458 1.44302
2.55184 1.44864
2.55792 1.4542
2.5633 1.46036
2.56947 1.46581
2.57495 1.47187
2.58121 1.4772
2.58678 1.48316
2.59241 1.48907
2.59809 1.49492
2.57546 1.52895
2.53792 1.57906
2.49494 1.63634
2.44531 1.70238
2.38857 1.7781
2.32158 1.86737
2.3 1.87604
2.30004 1.8548
2.29982 1.83365
2.3001 1.81324
2.30013 1.79291
2.29991 1.77267
2.30022 1.75315
2.3003 1.73371
2.30015 1.71435
2.29976 1.69507
2.29994 1.67648
2.29991 1.65797
2.29965 1.63953
2.3 1.62176
2.30015 1.60405
2.30009 1.58641
2.29982 1.56884
2.3002 1.5519
2.29954 1.53448
2.29953 1.51767
2.30018 1.50146
2.2998 1.48478
2.30009 1.46869
2.30021 1.45265
2.30016 1.43667
2.29993 1.42075
2.29952 1.4049
2.29983 1.38958
2.29998 1.37432
2.29996 1.35911
2.29979 1.34395
2.29945 1.32885
2.29986 1.31424
2.29921 1.29926
2.29932 1.28475
2.29928 1.27028
2.3 1.25627
2.29967 1.2419
2.29919 1.22758
2.2995 1.21369
2.29966 1.19983
2.29853 1.88515
2.29934 1.87163
2.29902 1.85811
2.29859 1.8446
2.29904 1.83105
2.29837 1.81754
2.29858 1.80397
2.29868 1.7904
2.29865 1.77681
2.2985 1.76322
2.29824 1.74962
2.29786 1.73602
2.29834 1.72229
2.29772 1.70867
2.29797 1.69491
2.29809 1.68113
2.29809 1.66734
2.29797 1.65353
2.29772 1.6397
2.29735 1.62586
2.29784 1.61182
2.29723 1.59795
2.29746 1.58386
2.29757 1.56975
2.29755 1.55561
2.2974 1.54144
2.29712 1.52725
2.29671 1.51304
2.29714 1.49856
2.29647 1.48429
2.29662 1.46975
2.29665 1.45516
2.29653 1.44055
2.29628 1.4259
2.29684 1.41092
2.29631 1.3962
2.29659 1.38114
2.29577 1.36636
2.29576 1.35122
2.2956 1.33604
2.29623 1.32047
2.29577 1.30521
2.29609 1.28954
2.29533 1.2742
2.29535 1.25844
2.2952 1.24263
2.29581 1.22637
2.29534 1.21047
2.29563 1.1941