1.52456 1.57024
1.58404 1.60403
1.6373 1.63468
1.6881 1.66349
1.73449 1.68998
1.77739 1.71455
1.81771 1.73756
1.85544 1.75906
1.86921 1.77375
1.8608 1.78272
1.85245 1.79181
1.8432 1.80081
1.83498 1.81016
1.82587 1.81942
1.81682 1.82883
1.80784 1.83837
1.52911 1.57401
1.54649 1.58338
1.563 1.59293
1.57955 1.60224
1.59614 1.61133
1.61188 1.62063
1.62765 1.62971
1.64347 1.63858
1.65843 1.6477
1.67432 1.65615
1.68936 1.66486
1.70444 1.67337
1.71956 1.68169
1.73385 1.69031
1.74817 1.69874
1.76253 1.707
1.77693 1.71506
1.79136 1.72294
1.80498 1.73118
1.81948 1.7387
1.83317 1.74659
1.84689 1.75432
1.86065 1.76187
1.87362 1.76983
1.83161 1.8176
1.52006 1.5658
1.52773 1.57068
1.53544 1.57548
1.54379 1.57942
1.55156 1.58408
1.55936 1.58866
1.5672 1.59316
1.57507 1.5976
1.58297 1.60196
1.59089 1.60624
1.59829 1.61128
1.60629 1.61542
1.61432 1.61949
1.62183 1.62433
1.62939 1.6291
1.63751 1.63295
1.64514 1.63758
1.65281 1.64215
1.66052 1.64664
1.66827 1.65108
1.67606 1.65544
1.68389 1.65973
1.69175 1.66396
1.69919 1.66901
1.70713 1.6731
1.71511 1.67712
1.72269 1.68197
1.73031 1.68676
1.73841 1.69058
1.74612 1.69524
1.75389 1.69984
1.7617 1.70437
1.76956 1.70884
1.77746 1.71324
1.78542 1.71757
1.79341 1.72184
1.8011 1.72698
1.80919 1.73112
1.81699 1.73613
1.82518 1.74013
1.83309 1.74501
1.84106 1.74983
1.84908 1.75458
1.85716 1.75927
1.8653 1.7639
1.8735 1.76845
1.7972 1.82536
1.78862 1.81679
1.77897 1.80844
1.77025 1.80017
1.76246 1.79195
1.75361 1.78396
1.7447 1.77611
1.73672 1.7683
1.72868 1.76061
1.72059 1.75305
1.71243 1.74563
1.70521 1.73818
1.69695 1.73101
1.68961 1.7238
1.68223 1.7167
1.67479 1.70972
1.66731 1.70286
1.66075 1.69591
1.65316 1.68927
1.64651 1.68252
1.63883 1.67611
1.63208 1.66958
1.62528 1.66315
1.61844 1.65681
1.61156 1.65059
1.60559 1.64418
1.59862 1.63815
1.59257 1.63193
1.58647 1.62579
1.57938 1.62005
1.5732 1.61409
1.56698 1.60823
1.56072 1.60245
1.55536 1.59641
1.54902 1.5908
1.54265 1.58528
1.53717 1.57947
1.53072 1.57412
1.52517 1.56847
1.51957 1.56289
1.51394 1.55739
