2.30241 1.91816
2.30234 1.91349
2.30222 1.90881
2.30203 1.90411
2.30253 1.89871
2.30222 1.89397
2.30257 1.88852
2.30214 1.88374
2.30236 1.87824
2.30251 1.87271
2.30258 1.86716
2.30258 1.86159
2.30251 1.85599
2.30236 1.85037
2.30214 1.84472
2.30251 1.83831
2.30213 1.83262
2.30233 1.82616
2.30244 1.81966
2.30246 1.81313
2.30238 1.80658
2.30285 1.79922
2.30259 1.79261
2.30285 1.78519
2.3024 1.77852
2.30246 1.77104
2.3024 1.76352
2.30283 1.75516
2.30256 1.74758
2.30274 1.73915
2.30281 1.73069
2.30275 1.72219
2.30311 1.71282
2.3028 1.70425
2.30289 1.69481
2.30284 1.68533
2.30317 1.67496
2.30283 1.6654
2.30285 1.65495
2.30321 1.6436
2.3029 1.63307
2.30292 1.62163
2.30324 1.60926
2.30336 1.59685
2.30329 1.5844
2.30348 1.57101
2.30346 1.55757
2.30322 1.54409
2.30321 1.52966
2.30338 1.51428
2.30332 1.49884
2.30341 1.48244
2.30363 1.46507
2.30358 1.44765
2.30362 1.42925
2.30374 1.40986
2.30391 1.38948
2.30375 1.36905
2.30395 1.34668
2.30412 1.32331
2.30425 1.29893
2.30429 1.27354
2.30423 1.24713
1.60172 1.52257
1.59751 1.52857
1.59286 1.53375
1.5888 1.5398
1.58427 1.54504
1.58035 1.55114
1.57595 1.55642
1.57162 1.56174
1.56734 1.56708
1.5637 1.57327
1.55956 1.57867
1.55547 1.58408
1.55145 1.58953
1.54688 1.5942
1.54298 1.59969
1.53913 1.60521
1.53535 1.61076
1.531 1.61554
1.52733 1.62114
1.52308 1.62598
1.51954 1.63162
1.5154 1.63652
1.5113 1.64146
1.50793 1.64716
1.50394 1.65215
1.50001 1.65716
1.49612 1.6622
1.49229 1.66727
1.4885 1.67237
1.48477 1.6775
1.48108 1.68265
1.47745 1.68782
1.47314 1.69234
1.46961 1.69757
1.46613 1.70283
1.46195 1.70744
1.45856 1.71275
1.45448 1.71743
1.39255 1.67288
1.28303 1.59025
1.1272 1.47268
2.68764 1.41378
2.68309 1.41877
2.67859 1.42379
2.67364 1.42798
2.66925 1.43306
2.66439 1.43733
2.66012 1.44248
2.65535 1.44681
2.65119 1.45202
2.64653 1.45642
2.64191 1.46086
2.63733 1.46534
2.6328 1.46985
2.62832 1.47439
2.62388 1.47897
2.61949 1.48359
2.61515 1.48823
2.61086 1.49291
2.60661 1.49762
2.60178 1.50159
2.59762 1.50636
2.59351 1.51117
2.58879 1.51525
2.58478 1.52013
2.58014 1.52429
2.57553 1.52849
2.57165 1.53346
2.56713 1.53773
2.56265 1.54204
2.5582 1.5464
2.55379 1.55079
2.54942 1.55521
2.54509 1.55968
2.5408 1.56419
2.53654 1.56873
2.53233 1.57331
2.52816 1.57792
2.52328 1.58191
2.51918 1.58661
2.51512 1.59134
2.51034 1.59546
2.50636 1.60027
2.50165 1.60448
2.49696 1.60874
2.4931 1.61367
2.48849 1.61801
2.48391 1.62241
2.47936 1.62685
2.47565 1.63193
2.47118 1.63646
2.46674 1.64103
2.46151 1.64509
2.45714 1.64976
2.4528 1.65448
2.4485 1.65925
2.44423 1.66405
2.43916 1.66838
2.43496 1.67328
2.42995 1.67772
2.42583 1.68272
2.42088 1.68726
2.41596 1.69187
2.41195 1.69701
2.40711 1.70172
2.40229 1.70649
2.39751 1.71131
2.39276 1.7162
2.38805 1.72114
2.38337 1.72613
2.37783 1.73076
2.37322 1.73587
2.36865 1.74105
2.3632 1.74587
2.35871 1.75116
2.35333 1.75612
2.34891 1.76153
2.3436 1.76662
1.52906 1.45518
2.59955 1.49609
2.59552 1.50155
2.59155 1.50703
2.58764 1.51254
2.58318 1.51728
2.57939 1.52284
2.57566 1.52842
2.57136 1.53325
2.56775 1.53887
2.56355 1.54376
2.5594 1.54868
2.5553 1.55363
2.55192 1.55935
2.54792 1.56435
2.54398 1.56938
2.54009 1.57444
2.53624 1.57953
2.53245 1.58464
2.52871 1.58978
2.52431 1.59425
2.52066 1.59945
2.51707 1.60467
2.51279 1.60924
2.5093 1.61452
2.50511 1.61916
2.50171 1.62449
2.49761 1.6292
2.49431 1.63458
2.4903 1.63935
2.48633 1.64415
2.4824 1.64899
2.47851 1.65386
2.47467 1.65876
2.47087 1.6637
2.46711 1.66867
2.4634 1.67367
2.45973 1.6787
2.4561 1.68377
2.45252 1.68887
2.44815 1.69343
2.44466 1.6986
2.4412 1.7038
2.43696 1.70848
2.43359 1.71375
2.42942 1.71851
2.42529 1.72332
2.42205 1.72869
2.418 1.73358
2.41399 1.73851
2.41001 1.74348
2.40608 1.7485
2.40218 1.75355
2.39833 1.75865
2.39451 1.76379
2.39074 1.76897
2.38701 1.7742
2.38242 1.77902
2.37877 1.78433
2.37516 1.78968
2.37068 1.79466
2.36715 1.80009
2.36275 1.80517
2.35839 1.8103
2.35499 1.81587
2.35071 1.8211
2.34647 1.82638
2.34226 1.83172
2.3381 1.83711
2.33398 1.84255
2.3299 1.84805
2.32587 1.8536
2.32187 1.8592
2.31697 1.86454
2.31306 1.87025
2.30824 1.87572
2.30442 1.88154
2.29968 1.88713
1.46275 1.66444
1.45324 1.67667
2.36713 1.10951
2.38725 1.13353
2.40603 1.15609
2.42344 1.17721
2.44116 1.19799
2.4566 1.21688
2.47231 1.23545
2.48655 1.25272
2.50103 1.2697
2.514 1.28542
2.52631 1.30041
2.53882 1.31515
2.55065 1.32918
2.56177 1.34252
2.57218 1.35519
2.58276 1.36765
2.5926 1.37947
2.60169 1.39067
2.61092 1.40169
2.6203 1.41253
2.62248 1.41999
2.6183 1.42465
2.61415 1.42936
2.61004 1.43413
2.60596 1.43895
2.60099 1.44346
2.59698 1.44839
2.59301 1.45337
2.58814 1.45807
2.58424 1.46316
2.57943 1.46798
2.57466 1.47287
2.56992 1.47783
2.56618 1.48314
2.56152 1.48822
2.55689 1.49337
2.5523 1.49858
2.54679 1.5036
2.54228 1.50895
2.5378 1.51436
2.5324 1.51961
2.52801 1.52516
2.52269 1.53056
2.5174 1.53603
2.51314 1.54179
2.50794 1.54742
2.50279 1.55313
2.49767 1.55892
2.49261 1.56479
2.4866 1.57057
2.48162 1.57661
2.4757 1.58258
2.47082 1.58877
2.465 1.59492
2.45922 1.60117
2.4535 1.60751
2.44782 1.61394
2.4422 1.62046
2.43564 1.627
2.43012 1.63372
2.42367 1.64046
2.41727 1.64732
2.41092 1.65428
2.40464 1.66135
2.39842 1.66853
2.39226 1.67581
2.38516 1.6832
2.37812 1.6907
2.37216 1.69832
2.36425 1.70607
2.35742 1.71394
2.35066 1.72193
2.34298 1.73008
2.33536 1.73837
2.32783 1.74679
2.32037 1.75535
2.312 1.76413
2.3047 1.77296
2.2965 1.78203
1.15566 1.11493
1.16341 1.12192
1.17119 1.12881
1.17903 1.13559
1.18597 1.14261
1.19389 1.14918
1.20093 1.15601
1.20893 1.16236
1.21605 1.169
1.22322 1.17554
1.23043 1.18199
1.23768 1.18834
1.24497 1.19459
1.2514 1.20119
1.25878 1.20726
1.26529 1.21368
1.27274 1.21957
1.27934 1.22582
1.28598 1.232
1.29266 1.23809
1.29939 1.2441
1.30615 1.25003
1.31295 1.25588
1.31979 1.26164
1.3258 1.26784
1.33272 1.27345
1.33882 1.2795
1.34581 1.28495
1.35199 1.29086
1.35822 1.2967
1.36448 1.30247
1.37079 1.30818
1.37713 1.31381
1.38352 1.31937
1.38994 1.32487
1.3964 1.33029
1.4021 1.33625
1.40864 1.34154
1.41442 1.34737
1.42104 1.35252
1.42691 1.35824
1.43282 1.36389
1.43954 1.36884
1.44554 1.37437
1.45157 1.37984
1.45765 1.38525
1.46377 1.3906
1.4692 1.39657
1.4754 1.40181
1.48165 1.40698
1.48722 1.41279
1.49354 1.41785
1.4992 1.42356
1.50562 1.4285
1.51137 1.4341
1.51717 1.43965
1.45757 1.51538
2.18842 1.85543
2.19471 1.78312
2.20021 1.71978
2.20511 1.66441
2.20939 1.61402
2.21327 1.56961
2.21681 1.53018
2.21996 1.49374
2.2228 1.46028
2.22551 1.43081
2.22783 1.40234
2.23006 1.37685
2.23212 1.35336
2.23408 1.33186
2.23583 1.31135
2.23755 1.29283
2.23896 1.27432
2.24042 1.2578
2.24179 1.24227
2.24309 1.22773
2.24436 1.21419
2.24691 1.2075
2.25251 1.21443
2.25824 1.2213
2.26409 1.2281
2.27007 1.23483
2.27644 1.24246
2.28321 1.25098
2.28987 1.25845
2.29723 1.26776
2.30448 1.27602
2.31218 1.28515
2.32037 1.29512
2.32874 1.305
2.33762 1.31571
2.3467 1.32631
2.35632 1.33773
2.3665 1.34996
2.37728 1.36298
2.38829 1.37586
2.4003 1.39045
2.41258 1.40487
2.42591 1.42096
2.43995 1.43779
2.4547 1.45533
2.4702 1.47357
2.48688 1.49341
2.50479 1.51481
1.20759 1.21243
1.21591 1.21886
1.22427 1.22517
1.23267 1.23137
1.2411 1.23745
1.24956 1.24342
1.25716 1.24973
1.26569 1.25548
1.27337 1.26159
1.28108 1.26759
1.28882 1.2735
1.29661 1.27931
1.30442 1.28502
1.31227 1.29064
1.32014 1.29615
1.3272 1.30208
1.33514 1.30741
1.34226 1.31316
1.35026 1.3183
1.35745 1.32388
1.36467 1.32937
1.37192 1.33478
1.37921 1.34011
1.38653 1.34535
1.39307 1.35109
1.40045 1.35616
1.40786 1.36115
1.4145 1.36666
1.42198 1.37149
1.42869 1.37685
1.43543 1.38213
1.44222 1.38735
1.44903 1.39249
1.45588 1.39755
1.46276 1.40255
1.46968 1.40747
1.47662 1.41231
1.48285 1.41776
1.48986 1.42246
1.49617 1.42778
1.50325 1.43234
1.50963 1.43753
1.51605 1.44265
1.52322 1.447
1.52971 1.452
1.53624 1.45693
1.54281 1.46179
1.54941 1.4666
1.55605 1.47133
1.56205 1.47675
1.56877 1.48137
1.57551 1.48592
1.58164 1.49117
1.58846 1.4956
1.59468 1.50074
1.60094 1.50582
1.48571 1.66462
2.30405 1.8437
2.30377 1.76718
2.30351 1.70065
2.30324 1.64213
2.30301 1.59061
2.30285 1.54508
2.30275 1.50455
2.30248 1.46704
2.30248 1.4345
2.30232 1.40398
2.30225 1.37645
2.30212 1.35092
2.302 1.3274
2.30193 1.30587
2.30174 1.28535
2.30168 1.26682
2.30182 1.25026
2.30168 1.23374
2.30153 1.21822
2.30139 1.2037
2.30704 1.20934
2.3131 1.21586
2.31897 1.22135
2.32526 1.22772
2.33167 1.23402
2.3382 1.24023
2.34519 1.24731
2.35232 1.2543
2.35993 1.26214
2.36769 1.26988
2.3756 1.27751
2.38403 1.28598
2.39263 1.29433
2.40178 1.30349
2.41151 1.31344
2.42143 1.32326
2.43196 1.33386
2.44268 1.34431
2.45405 1.35551
2.46607 1.36746
2.47876 1.38013
2.49216 1.39352
2.50627 1.4076
2.52113 1.42236
2.53675 1.43778
2.55315 1.45386
2.57085 1.47143
2.58989 1.49047
1.40313 1.71873
1.35274 1.67726
1.31167 1.64334
1.27592 1.61398
1.2456 1.58905
1.21996 1.56786
1.19739 1.54923
1.1771 1.53256
1.15913 1.51779
1.14352 1.50486
1.12859 1.49271
1.11609 1.48229
1.10431 1.47258
1.09327 1.46356
1.08298 1.45521
1.07434 1.44796
1.0656 1.44088
1.05765 1.43439
1.05051 1.42849
1.04419 1.42314
1.04507 1.42124
1.04685 1.41974
1.0477 1.41781
1.04945 1.41627
1.05027 1.41433
1.052 1.41275
1.05372 1.41115
1.05449 1.40917
1.05619 1.40753
1.05787 1.40587
1.05954 1.40418
1.06025 1.40215
1.0619 1.40043
1.06353 1.39868
1.06515 1.39692
1.06675 1.39513
1.06835 1.39332
1.06993 1.39148
1.07149 1.38963
1.07304 1.38775
1.07458 1.38585
1.0761 1.38393
1.07761 1.38199
1.07911 1.38002
1.08058 1.37804
1.08205 1.37603
1.08349 1.374
1.08591 1.37215
1.08732 1.37007
1.08872 1.36797
1.09109 1.36601
1.09246 1.36386
1.09381 1.36169
1.09613 1.35964
1.09744 1.35742
1.09973 1.35531
1.10101 1.35304
1.10327 1.35086
1.1055 1.34864
1.10673 1.34629
1.10893 1.34401
1.11111 1.34169
1.11227 1.33927
1.11441 1.33689
1.11654 1.33447
1.11864 1.33201
1.12072 1.32952
1.12278 1.32699
1.12482 1.32443
1.12683 1.32183
1.12882 1.3192
1.13179 1.31652
1.13374 1.31381
1.13566 1.31106
1.13856 1.30824
1.14043 1.30542
1.14327 1.30251
1.14509 1.29961
1.14788 1.2966
1.15064 1.29354
1.15337 1.29044
1.15508 1.28738
1.15775 1.28418
1.16039 1.28094
1.16399 1.27751
1.16657 1.27416
1.16911 1.27075
1.1726 1.26715
1.17508 1.26364
1.1785 1.25992
1.1809 1.25631
1.18425 1.25246
1.18755 1.24856
1.19082 1.24459
1.19404 1.24055
1.19722 1.23646
1.20133 1.23207
2.31629 1.99067
2.31793 1.97711
2.31944 1.96353
2.32084 1.94993
2.32313 1.93633
2.32429 1.92268
2.32633 1.90901
2.32825 1.89531
2.33006 1.88157
2.33174 1.8678
2.33331 1.854
2.33475 1.84017
2.33607 1.82631
2.33826 1.81236
2.34034 1.79836
2.34129 1.7844
2.34311 1.77033
2.34481 1.75621
2.34738 1.74195
2.34882 1.72775
2.35014 1.71351
2.35232 1.69909
2.35438 1.68463
1.48117 1.80197
1.47526 1.79646
1.47029 1.79087
1.46429 1.78553
1.45924 1.78011
1.45316 1.77496
1.44803 1.7697
1.44286 1.76453
1.43765 1.75943
1.43241 1.75441
1.42713 1.74947
1.42182 1.74462
1.41647 1.73984
1.41205 1.73488
1.40664 1.73026
1.40216 1.72544
1.39764 1.72068
1.39213 1.71628
1.38755 1.71167
1.38293 1.70711
1.37829 1.70262
1.37361 1.6982
1.36891 1.69385
1.36417 1.68956
1.36034 1.68498
1.35555 1.68081
1.35166 1.67635
1.34681 1.6723
1.34286 1.66795
1.33796 1.66403
1.33395 1.65978
1.32991 1.65558
1.32584 1.65144
1.32084 1.64776
1.31671 1.64373
1.31257 1.63975
1.30839 1.63581
1.30508 1.63148
1.30085 1.62764
1.29659 1.62386
1.29231 1.62013
1.28887 1.61597
1.28454 1.61234
1.28105 1.60826
1.27667 1.60473
1.27312 1.60073
1.26869 1.5973
1.26509 1.59339
1.26145 1.58951
1.25695 1.58623
1.25327 1.58244
1.24956 1.57869
1.24581 1.57499
1.24205 1.57132
1.23825 1.56769
1.23443 1.56411
1.23058 1.56056
1.22671 1.55706
1.2236 1.55298
1.21968 1.54955
1.21572 1.54616
1.21252 1.54219
1.20852 1.53887
1.20449 1.5356
1.2012 1.53172
1.19712 1.52853
1.19376 1.52472
1.19038 1.52093
1.18622 1.51785
1.18278 1.51413
1.1793 1.51045
1.17579 1.50679
1.17153 1.50386
1.16796 1.50027
1.16437 1.49671
1.16074 1.49318
1.15708 1.48969
1.15339 1.48622
1.14966 1.48279
1.14658 1.47865
1.1428 1.47528
1.13898 1.47194
1.13513 1.46864
1.1319 1.4646
1.12799 1.46135
1.12469 1.45737
2.2977 1.78823
2.29686 1.77469
2.29589 1.76117
2.29481 1.74765
2.29461 1.73405
2.2933 1.72054
2.29286 1.70694
2.2923 1.69333
2.29162 1.67972
2.29082 1.66611
2.2899 1.65249
2.28886 1.63888
2.28869 1.6251
2.2874 1.61148
2.28699 1.59768
2.28645 1.58387
2.28578 1.57005
2.28499 1.55622
2.28408 1.54238
2.28304 1.52853
2.28188 1.51467
2.28156 1.50057
2.28111 1.48644
2.27957 1.47255
2.27887 1.45839
2.27803 1.44422
2.27803 1.42975
2.27693 1.41553
2.2757 1.4013
2.27528 1.38674
2.27474 1.37216
1.43634 1.64299
1.43049 1.6383
1.42367 1.63403
1.41682 1.62987
1.41089 1.62545
1.404 1.62148
1.39803 1.61723
1.39202 1.61307
1.386 1.609
1.37995 1.60501
1.37389 1.60111
1.3678 1.59729
1.3626 1.59313
1.35648 1.58948
1.35123 1.58547
1.34507 1.58198
1.33979 1.57811
1.33448 1.57432
1.32827 1.57107
1.32293 1.56743
1.31757 1.56385
1.31219 1.56035
1.30766 1.55642
1.30224 1.55304
1.2968 1.54974
1.29221 1.54599
1.28674 1.54282
1.28126 1.53972
1.2766 1.53615
1.27193 1.53263
1.2664 1.52973
1.26169 1.52633
1.25696 1.52299
1.25221 1.5197
1.24744 1.51647
1.24265 1.5133
1.23785 1.51018
1.23303 1.50711
1.22819 1.50411
1.22334 1.50115
1.21925 1.49763
1.21437 1.49479
1.21024 1.49136
1.20532 1.48862
1.20115 1.48528
1.1962 1.48265
1.19198 1.4794
1.18701 1.47688
1.18276 1.47372
1.17848 1.47062
1.17419 1.46755
1.16988 1.46453
1.16554 1.46156
1.16119 1.45863
1.15681 1.45574
1.15242 1.4529
1.14801 1.4501
1.14358 1.44734
1.13914 1.44463
1.13467 1.44197
1.13085 1.4386
1.12635 1.43602
1.12248 1.43272
1.11794 1.43022
1.11338 1.42777
1.10944 1.42458
1.10547 1.42143
1.10086 1.4191
1.09684 1.41603
1.09279 1.41299
1.08813 1.41079
1.08404 1.40782
1.07992 1.40489
1.07578 1.402
1.07161 1.39914
1.06742 1.39632
1.06321 1.39354
1.05896 1.39079
1.0547 1.38808
1.05041 1.38541
1.0461 1.38277
1.04228 1.37932
1.03791 1.37675
1.03353 1.37423
1.02961 1.37087
1.02517 1.36841