1.26668 1.18511
1.27692 1.20942
1.28655 1.23305
1.29555 1.25602
1.30481 1.27877
1.31434 1.30129
1.32321 1.32318
1.33142 1.34447
1.33986 1.36555
1.34854 1.38643
1.35653 1.40673
1.36474 1.42684
1.37317 1.44676
1.38088 1.46614
1.38881 1.48533
1.39599 1.504
1.40338 1.52251
1.40242 1.53803
1.38064 1.54683
1.3589 1.55597
1.33623 1.56517
1.31263 1.57444
1.28907 1.58408
1.26654 1.1749
1.2747 1.19426
1.28209 1.2132
1.28967 1.23197
1.29744 1.25057
1.30442 1.26877
1.31158 1.28682
1.31892 1.30471
1.32644 1.32244
1.33315 1.33982
1.34002 1.35705
1.34706 1.37414
1.35427 1.39108
1.36064 1.40771
1.36718 1.42421
1.37387 1.44057
1.38072 1.4568
1.38672 1.47276
1.39386 1.48872
1.40016 1.50443
1.4066 1.52001
1.40522 1.53475
1.37506 1.54718
1.34299 1.55997
1.31002 1.57325
1.27616 1.58704
1.12667 1.21348
1.13118 1.21086
1.136 1.20915
1.1408 1.20739
1.14558 1.20559
1.15036 1.20375
1.15511 1.20186
1.15985 1.19994
1.16457 1.19797
1.16927 1.19597
1.17396 1.19392
1.17863 1.19183
1.18328 1.1897
1.18791 1.18753
1.19295 1.18622
1.19755 1.18397
1.20259 1.18257
1.20715 1.18023
1.2117 1.17785
1.2167 1.17631
1.2217 1.17473
1.2262 1.17222
1.23117 1.17055
1.23614 1.16882
1.24058 1.16619
1.24553 1.16438
1.25046 1.16252
1.25539 1.16061
1.26031 1.15865
1.39364 1.53872
1.35147 1.55561
1.31395 1.57067
1.28018 1.5843
1.26973 1.58441
1.26695 1.57992
1.26499 1.57491
1.26297 1.56992
1.2609 1.56493
1.25962 1.5594
1.25745 1.55443
1.25524 1.54948
1.25298 1.54453
1.25147 1.53901
1.24911 1.53409
1.2467 1.52918
1.24503 1.52367
1.24252 1.51878
1.24074 1.51329
1.2389 1.50779
1.23623 1.50294
1.23428 1.49745
1.23228 1.49198
1.23021 1.4865
1.22808 1.48104
1.22589 1.47558
1.22365 1.47012
1.22134 1.46467
1.21898 1.45923
1.21656 1.4538
1.21479 1.44767
1.21224 1.44225
1.20963 1.43684
1.20766 1.43072
1.20492 1.42533
1.20281 1.41922
1.20063 1.41311
1.19837 1.407
1.19605 1.40089
1.19299 1.39554
1.19052 1.38944
1.18862 1.38259
1.186 1.3765
1.18331 1.37041
1.18054 1.36434
1.17832 1.35748
1.17539 1.35142
1.173 1.34457
1.17052 1.33771
1.16737 1.33167
1.16472 1.32483
1.16198 1.31799
1.15916 1.31115
1.1568 1.30349
1.15379 1.29666
1.1507 1.28984
1.14805 1.28218
1.14476 1.27537
1.14192 1.26772
1.13896 1.26007
1.13591 1.25243
1.13275 1.24479
1.12948 1.23716
1.1266 1.22866
1.12312 1.22104
