0.000000 
0.000000 
1.740000 
1.740000 
1.740000 
1.740000 
1.740000 
1.740000 
1.740000 
1.740000 
1.740000 
1.740000 
1.740000 
1.740000 
1.740000 
1.740000 
1.738000 
1.738000 
1.738000 
1.738000 
1.738000 
1.738000 
1.738000 
1.738000 
1.738000 
1.738000 
1.734000 
1.734000 
1.734000 
1.734000 
1.734000 
1.734000 
1.734000 
1.734000 
1.734000 
1.734000 
1.734000 
1.727000 
1.727000 
1.727000 
1.727000 
1.727000 
1.727000 
1.727000 
1.727000 
1.727000 
1.727000 
1.717000 
1.717000 
1.717000 
1.717000 
1.717000 
1.717000 
1.717000 
1.717000 
1.717000 
1.717000 
1.704000 
1.704000 
1.704000 
1.704000 
1.704000 
1.704000 
1.704000 
1.704000 
1.704000 
1.704000 
1.687000 
1.687000 
1.687000 
1.687000 
1.687000 
1.687000 
1.687000 
1.687000 
1.687000 
1.687000 
1.668000 
1.668000 
1.668000 
1.668000 
1.668000 
1.668000 
1.668000 
1.668000 
1.668000 
1.668000 
1.646000 
1.646000 
1.646000 
1.646000 
1.646000 
1.646000 
1.646000 
1.646000 
1.646000 
1.646000 
1.621000 
1.621000 
1.621000 
1.621000 
1.621000 
1.621000 
1.621000 
1.621000 
1.621000 
1.621000 
1.593000 
1.593000 
1.593000 
1.593000 
1.593000 
1.593000 
1.593000 
1.593000 
1.593000 
1.593000 
1.563000 
1.563000 
1.563000 
1.563000 
1.563000 
1.563000 
1.563000 
1.563000 
1.563000 
1.563000 
1.533000 
1.533000 
1.533000 
1.533000 
1.533000 
1.533000 
1.533000 
1.533000 
1.533000 
1.533000 
1.503000 
1.503000 
1.503000 
1.503000 
1.503000 
1.503000 
1.503000 
1.503000 
1.503000 
1.503000 
1.473000 
1.473000 
1.473000 
1.473000 
1.473000 
1.473000 
1.473000 
1.473000 
1.473000 
1.473000 
1.443000 
1.443000 
1.443000 
1.443000 
1.443000 
1.443000 
1.443000 
1.443000 
1.443000 
1.413000 
1.413000 
1.413000 
1.413000 
1.413000 
1.413000 
1.413000 
1.413000 
1.413000 
1.413000 
1.413000 
1.383000 
1.383000 
1.383000 
1.383000 
1.383000 
1.383000 
1.383000 
1.383000 
1.383000 
1.383000 
1.352000 
1.352000 
1.352000 
1.352000 
1.352000 
1.352000 
1.352000 
1.352000 
1.352000 
1.352000 
1.322000 
1.322000 
1.322000 
1.322000 
1.322000 
1.322000 
1.322000 
1.322000 
1.322000 
1.292000 
1.292000 
1.292000 
1.292000 
1.292000 
1.292000 
1.292000 
1.292000 
1.292000 
1.292000 
1.292000 
1.262000 
1.262000 
1.262000 
1.262000 
1.262000 
1.262000 
1.262000 
1.262000 
1.262000 
1.262000 
1.232000 
1.232000 
1.232000 
1.232000 
1.232000 
1.232000 
1.232000 
1.232000 
1.232000 
1.202000 
1.202000 
1.202000 
1.202000 
1.202000 
1.202000 
1.202000 
1.202000 
1.202000 
1.202000 
1.202000 
1.172000 
1.172000 
1.172000 
1.172000 
1.172000 
1.172000 
1.172000 
1.172000 
1.172000 
1.172000 
1.142000 
1.142000 
1.142000 
1.142000 
1.142000 
1.142000 
1.142000 
1.142000 
1.142000 
1.142000 
1.112000 
1.112000 
1.112000 
1.112000 
1.112000 
1.112000 
1.112000 
1.112000 
1.112000 
1.112000 
1.082000 
1.082000 
1.082000 
1.082000 
1.082000 
1.082000 
1.082000 
1.082000 
1.082000 
1.082000 
1.052000 
1.052000 
1.052000 
1.052000 
1.052000 
1.052000 
1.052000 
1.052000 
1.052000 
1.052000 
1.022000 
1.022000 
1.022000 
1.022000 
1.022000 
1.022000 
1.022000 
1.022000 
1.022000 
0.992000 
0.992000 
0.992000 
0.992000 
0.992000 
0.992000 
0.992000 
0.992000 
0.992000 
0.992000 
0.992000 
0.962000 
0.962000 
0.962000 
0.962000 
0.962000 
0.962000 
0.962000 
0.962000 
0.962000 
0.932000 
0.932000 
0.932000 
0.932000 
0.932000 
0.932000 
0.932000 
0.932000 
0.932000 
0.932000 
0.932000 
0.902000 
0.902000 
0.902000 
0.902000 
0.902000 
0.902000 
0.902000 
0.902000 
0.902000 
0.902000 
0.872000 
0.872000 
0.872000 
0.872000 
0.872000 
0.872000 
0.872000 
0.872000 
0.872000 
0.872000 
0.842000 
0.842000 
0.842000 
0.842000 
0.842000 
0.842000 
0.842000 
0.842000 
0.842000 
0.842000 
0.812000 
0.812000 
0.812000 
0.812000 
0.812000 
0.812000 
0.812000 
0.812000 
0.812000 
0.782000 
0.782000 
0.782000 
0.782000 
0.782000 
0.782000 
0.782000 
0.782000 
0.782000 
0.782000 
0.752000 
0.752000 
0.752000 
0.752000 
0.752000 
0.752000 
0.752000 
0.752000 
0.752000 
0.752000 
0.752000 
0.722000 
0.722000 
0.722000 
0.722000 
0.722000 
0.722000 
0.722000 
0.722000 
0.722000 
0.722000 
0.692000 
0.692000 
0.692000 
0.692000 
0.692000 
0.692000 
0.692000 
0.692000 
0.692000 
0.692000 
0.662000 
0.662000 
0.662000 
0.662000 
0.662000 
0.662000 
0.662000 
0.662000 
0.662000 
0.662000 
0.632000 
0.632000 
0.632000 
0.632000 
0.632000 
0.632000 
0.632000 
0.632000 
0.632000 
0.632000 
0.602000 
0.602000 
0.602000 
0.602000 
0.602000 
0.602000 
0.602000 
0.602000 
0.602000 
0.602000 
0.572000 
0.572000 
0.572000 
0.572000 
0.572000 
0.572000 
0.572000 
0.572000 
0.572000 
0.572000 
0.542000 
0.542000 
0.542000 
0.542000 
0.542000 
0.542000 
0.542000 
0.542000 
0.542000 
0.512000 
0.512000 
0.512000 
0.512000 
0.512000 
0.512000 
0.512000 
0.512000 
0.512000 
0.512000 
0.512000 
0.482000 
0.482000 
0.482000 
0.482000 
0.482000 
0.482000 
0.482000 
0.482000 
0.482000 
0.482000 
0.452000 
0.452000 
0.452000 
0.452000 
0.452000 
0.452000 
0.452000 
0.452000 
0.452000 
0.452000 
0.422000 
0.422000 
0.422000 
0.422000 
0.422000 
0.422000 
0.422000 
0.422000 
0.422000 
0.422000 
0.392000 
0.392000 
0.392000 
0.392000 
0.392000 
0.392000 
0.392000 
0.392000 
0.392000 
0.392000 
0.398000 
0.398000 
0.398000 
0.398000 
0.398000 
0.398000 
0.398000 
0.398000 
0.398000 
0.398000 
0.428000 
0.428000 
0.428000 
0.428000 
0.428000 
0.428000 
0.428000 
0.428000 
0.428000 
0.458000 
0.458000 
0.458000 
0.458000 
0.458000 
0.458000 
0.458000 
0.458000 
0.458000 
0.458000 
0.458000 
0.488000 
0.488000 
0.488000 
0.488000 
0.488000 
0.488000 
0.488000 
0.488000 
0.488000 
0.518000 
0.518000 
0.518000 
0.518000 
0.518000 
0.518000 
0.518000 
0.518000 
0.518000 
0.518000 
0.518000 
0.548000 
0.548000 
0.548000 
0.548000 
0.548000 
0.548000 
0.548000 
0.548000 
0.548000 
0.548000 
0.578000 
0.578000 
0.578000 
0.578000 
0.578000 
0.578000 
0.578000 
0.578000 
0.578000 
0.608000 
0.608000 
0.608000 
0.608000 
0.608000 
0.608000 
0.608000 
0.608000 
0.608000 
0.608000 
0.638000 
0.638000 
0.638000 
0.638000 
0.638000 
0.638000 
0.638000 
0.638000 
0.638000 
0.638000 
0.668000 
0.668000 
0.668000 
0.668000 
0.668000 
0.668000 
0.668000 
0.668000 
0.668000 
0.668000 
0.668000 
0.698000 
0.698000 
0.698000 
0.698000 
0.698000 
0.698000 
0.698000 
0.698000 
0.698000 
0.698000 
0.728000 
0.728000 
0.728000 
0.728000 
0.728000 
0.728000 
0.728000 
0.728000 
0.728000 
0.728000 
0.758000 
0.758000 
0.758000 
0.758000 
0.758000 
0.758000 
0.758000 
0.758000 
0.758000 
0.758000 
0.788000 
0.788000 
0.788000 
0.788000 
0.788000 
0.788000 
0.788000 
0.788000 
0.788000 
0.788000 
0.818000 
0.818000 
0.818000 
0.818000 
0.818000 
0.818000 
0.818000 
0.818000 
0.818000 
0.818000 
0.848000 
0.848000 
0.848000 
0.848000 
0.848000 
0.848000 
0.848000 
0.848000 
0.848000 
0.848000 
0.878000 
0.878000 
0.878000 
0.878000 
0.878000 
0.878000 
0.878000 
0.878000 
0.878000 
0.878000 
0.908000 
0.908000 
0.908000 
0.908000 
0.908000 
0.908000 
0.908000 
0.908000 
0.908000 
0.938000 
0.938000 
0.938000 
0.938000 
0.938000 
0.938000 
0.938000 
0.938000 
0.938000 
0.938000 
0.938000 
0.968000 
0.968000 
0.968000 
0.968000 
0.968000 
0.968000 
0.968000 
0.968000 
0.968000 
0.968000 
0.998000 
0.998000 
0.998000 
0.998000 
0.998000 
0.998000 
0.998000 
0.998000 
0.998000 
1.028000 
1.028000 
1.028000 
1.028000 
1.028000 
1.028000 
1.028000 
1.028000 
1.028000 
1.028000 
1.028000 
1.058000 
1.058000 
1.058000 
1.058000 
1.058000 
1.058000 
1.058000 
1.058000 
1.058000 
1.058000 
1.088000 
1.088000 
1.088000 
1.088000 
1.088000 
1.088000 
1.088000 
1.088000 
1.088000 
1.088000 
1.118000 
1.118000 
1.118000 
1.118000 
1.118000 
1.118000 
1.118000 
1.118000 
1.118000 
1.118000 
1.118000 
1.148000 
1.148000 
1.148000 
1.148000 
1.148000 
1.148000 
1.148000 
1.148000 
1.178000 
1.178000 
1.178000 
1.178000 
1.178000 
1.178000 
1.178000 
1.178000 
1.178000 
1.178000 
1.178000 
1.208000 
1.208000 
1.208000 
1.208000 
1.208000 
1.208000 
1.208000 
1.208000 
1.208000 
1.238000 
1.238000 
1.238000 
1.238000 
1.238000 
1.238000 
1.238000 
1.238000 
1.238000 
1.238000 
1.238000 
1.268000 
1.268000 
1.268000 
1.268000 
1.268000 
1.268000 
1.268000 
1.268000 
1.268000 
1.268000 
1.295000 
1.295000 
1.295000 
1.295000 
1.295000 
1.295000 
1.295000 
1.295000 
1.295000 
1.295000 
1.318000 
1.318000 
1.318000 
1.318000 
1.318000 
1.318000 
1.318000 
1.318000 
1.318000 
1.318000 
1.339000 
1.339000 
1.339000 
1.339000 
1.339000 
1.339000 
1.339000 
1.339000 
1.339000 
1.339000 
1.356000 
1.356000 
1.356000 
1.356000 
1.356000 
1.356000 
1.356000 
1.356000 
1.356000 
1.356000 
1.371000 
1.371000 
1.371000 
1.371000 
1.371000 
1.371000 
1.371000 
1.371000 
1.371000 
1.381000 
1.381000 
1.381000 
1.381000 
1.381000 
1.381000 
1.381000 
1.381000 
1.381000 
1.381000 
1.389000 
1.389000 
1.389000 
1.389000 
1.389000 
1.389000 
1.389000 
1.389000 
1.389000 
1.389000 
1.389000 
1.394000 
1.394000 
1.394000 
1.394000 
1.394000 
1.394000 
1.394000 
1.394000 
1.394000 
1.394000 
1.397000 
1.397000 
1.397000 
1.397000 
1.397000 
1.397000 
1.397000 
1.397000 
1.397000 
1.397000 
1.397000 
1.397000 
1.397000 
1.397000 
1.397000 
1.397000 
1.397000 
1.397000 
1.397000 
1.397000 
1.394000 
1.394000 
1.394000 
1.394000 
1.394000 
1.394000 
1.394000 
1.394000 
1.394000 
1.394000 
1.388000 
1.388000 
1.388000 
1.388000 
1.388000 
1.388000 
1.388000 
1.388000 
1.388000 
1.388000 
1.379000 
1.379000 
1.379000 
1.379000 
1.379000 
1.379000 
1.379000 
1.379000 
1.379000 
1.379000 
1.367000 
1.367000 
1.367000 
1.367000 
1.367000 
1.367000 
1.367000 
1.367000 
1.367000 
1.351000 
1.351000 
1.351000 
1.351000 
1.351000 
1.351000 
1.351000 
1.351000 
1.351000 
1.351000 
1.333000 
1.333000 
1.333000 
1.333000 
1.333000 
1.333000 
1.333000 
1.333000 
1.333000 
1.333000 
1.333000 
1.313000 
1.313000 
1.313000 
1.313000 
1.313000 
1.313000 
1.313000 
1.313000 
1.313000 
1.313000 
1.289000 
1.289000 
1.289000 
1.289000 
1.289000 
1.289000 
1.289000 
1.289000 
1.289000 
1.262000 
1.262000 
1.262000 
1.262000 
1.262000 
1.262000 
1.262000 
1.262000 
1.262000 
1.262000 
1.262000 
1.231000 
1.231000 
1.231000 
1.231000 
1.231000 
1.231000 
1.231000 
1.231000 
1.231000 
1.231000 
1.201000 
1.201000 
1.201000 
1.201000 
1.201000 
1.201000 
1.201000 
1.201000 
1.201000 
1.201000 
1.171000 
1.171000 
1.171000 
1.171000 
1.171000 
1.171000 
1.171000 
1.171000 
1.171000 
1.171000 
1.141000 
1.141000 
1.141000 
1.141000 
1.141000 
1.141000 
1.141000 
1.141000 
1.141000 
1.111000 
1.111000 
1.111000 
1.111000 
1.111000 
1.111000 
1.111000 
1.111000 
1.111000 
1.111000 
1.081000 
1.081000 
1.081000 
1.081000 
1.081000 
1.081000 
1.081000 
1.081000 
1.081000 
1.081000 
1.051000 
1.051000 
1.051000 
1.051000 
1.051000 
1.051000 
1.051000 
1.051000 
1.051000 
1.051000 
1.051000 
1.020000 
1.020000 
1.020000 
1.020000 
1.020000 
1.020000 
1.020000 
1.020000 
1.020000 
1.020000 
0.991000 
0.991000 
0.991000 
0.991000 
0.991000 
0.991000 
0.991000 
0.991000 
0.991000 
0.991000 
0.991000 
0.960000 
0.960000 
0.960000 
0.960000 
0.960000 
0.960000 
0.960000 
0.960000 
0.930000 
0.930000 
0.930000 
0.930000 
0.930000 
0.930000 
0.930000 
0.930000 
0.930000 
0.930000 
0.930000 
0.901000 
0.901000 
0.901000 
0.901000 
0.901000 
0.901000 
0.901000 
0.901000 
0.901000 
0.901000 
0.871000 
0.871000 
0.871000 
0.871000 
0.871000 
0.871000 
0.871000 
0.871000 
0.871000 
0.871000 
0.842000 
0.842000 
0.842000 
0.842000 
0.842000 
0.842000 
0.842000 
0.842000 
0.842000 
0.842000 
0.814000 
0.814000 
0.814000 
0.814000 
0.814000 
0.814000 
0.814000 
0.814000 
0.814000 
0.814000 
0.787000 
0.787000 
0.787000 
0.787000 
0.787000 
0.787000 
0.787000 
0.787000 
0.787000 
0.787000 
0.761000 
0.761000 
0.761000 
0.761000 
0.761000 
0.761000 
0.761000 
0.761000 
0.761000 
0.761000 
1000.000000 
1000.000000 
1000.000000 
1000.000000 
1000.000000 
1000.000000 
1000.000000 
1000.000000 
1000.000000 
1000.000000 
1000.000000 
1000.000000 
1000.000000 
1000.000000 
1000.000000 
1000.000000 
1000.000000 
1000.000000 
1000.000000 
1000.000000 
1000.000000 
1000.000000 
1000.000000 
1000.000000 
1000.000000 
1000.000000 
1000.000000 
1000.000000 
1000.000000 
1000.000000 
1000.000000 
1000.000000 
1000.000000 
1000.000000 
1000.000000 
1000.000000 
1000.000000 
1000.000000 
1000.000000 
1000.000000 
1000.000000 
1000.000000 
1000.000000 
1000.000000 
1000.000000 
1000.000000 
1000.000000 
1000.000000 
1000.000000 
1000.000000 
1000.000000 
1000.000000 
1000.000000 
1000.000000 
1000.000000 
1000.000000 
1000.000000 
1000.000000 
1000.000000 
1000.000000 
1000.000000 
1000.000000 
1000.000000 
1000.000000 
1000.000000 
1000.000000 
1000.000000 
1000.000000 
1000.000000 
1000.000000 
1000.000000 
1000.000000 
1000.000000 
1000.000000 
1000.000000 
1000.000000 
1000.000000 
1000.000000 
1000.000000 
1000.000000 
1000.000000 
1000.000000 
1000.000000 
1000.000000 
1000.000000 
1000.000000 
1000.000000 
1000.000000 
1000.000000 
1000.000000 
1000.000000 
1000.000000 
1000.000000 
1000.000000 
1000.000000 
1000.000000 
1000.000000 
1000.000000 
1000.000000 
1000.000000 
1000.000000 
1000.000000 
1000.000000 
1000.000000 
1000.000000 
1000.000000 
1000.000000 
1000.000000 
1000.000000 
1000.000000 
1000.000000 
1000.000000 
1000.000000 
1000.000000 
1000.000000 
1000.000000 
1000.000000 
1000.000000 
1000.000000 
1000.000000 
1000.000000 
1000.000000 
1000.000000 
1000.000000 
1000.000000 
1000.000000 
1000.000000 
1000.000000 
1000.000000 
1000.000000 
1000.000000 
1000.000000 
1000.000000 
1000.000000 
1000.000000 
1000.000000 
1000.000000 
1000.000000 
1000.000000 
1000.000000 
1000.000000 
1000.000000 
1000.000000 
1000.000000 
1000.000000 
1000.000000 
1000.000000 
1000.000000 
1000.000000 
1000.000000 
1000.000000 
1000.000000 
1000.000000 
1000.000000 
1000.000000 
1000.000000 
1000.000000 
1000.000000 
1000.000000 
1000.000000 
1000.000000 
1000.000000 
1000.000000 
1000.000000 
1000.000000 
1000.000000 
1000.000000 
1000.000000 
1000.000000 
1000.000000 
1000.000000 
1000.000000 
1000.000000 
1000.000000 
1000.000000 
1000.000000 
1000.000000 
1000.000000 
1000.000000 
1000.000000 
1000.000000 
1000.000000 
1000.000000 
1000.000000 
1000.000000 
1000.000000 
1000.000000 
1000.000000 
1000.000000 
1000.000000 
1000.000000 
1000.000000 
1000.000000 
1000.000000 
1000.000000 
1000.000000 
1000.000000 
1000.000000 
1000.000000 
1000.000000 
1000.000000 
1000.000000 
1000.000000 
1000.000000 
1000.000000 
1000.000000 
1000.000000 
1000.000000 
1000.000000 
1000.000000 
1000.000000 
1000.000000 
1000.000000 
1000.000000 
1000.000000 
1000.000000 
1000.000000 
1000.000000 
1000.000000 
1000.000000 
1000.000000 
1000.000000 
1000.000000 
1000.000000 
1000.000000 
1000.000000 
1000.000000 
1000.000000 
1000.000000 
1000.000000 
1000.000000 
1000.000000 
1000.000000 
1000.000000 
1000.000000 
1000.000000 
1000.000000 
1000.000000 
1000.000000 
1000.000000 
1000.000000 
1000.000000 
1000.000000 
1000.000000 
1000.000000 
1000.000000 
1000.000000 
1000.000000 
1000.000000 
1000.000000 
1000.000000 
1000.000000 
1000.000000 
1000.000000 
1000.000000 
1000.000000 
1000.000000 
1000.000000 
1000.000000 
1000.000000 
1000.000000 
1000.000000 
1000.000000 
1000.000000 
1000.000000 
1000.000000 
1000.000000 
1000.000000 
1000.000000 
1000.000000 
1000.000000 
1000.000000 
1000.000000 
1000.000000 
1000.000000 
1000.000000 
1000.000000 
1000.000000 
1000.000000 
1000.000000 
1000.000000 
1000.000000 
1000.000000 
1000.000000 
1000.000000 
1000.000000 
1000.000000 
1000.000000 
1000.000000 
1000.000000 
1000.000000 
1000.000000 
1000.000000 
1000.000000 
1000.000000 
1000.000000 
1000.000000 
1000.000000 
1000.000000 
1000.000000 
1000.000000 
1000.000000 
1000.000000 
1000.000000 
1000.000000 
1000.000000 
1000.000000 
1000.000000 
1000.000000 
1000.000000 
1000.000000 
1000.000000 
1000.000000 
1000.000000 
1000.000000 
1000.000000 
1000.000000 
1000.000000 
1000.000000 
1000.000000 
1000.000000 
1000.000000 
1000.000000 
1000.000000 
1000.000000 
1000.000000 
1000.000000 
1000.000000 
1000.000000 
1000.000000 
1000.000000 
1000.000000 
1000.000000 
1000.000000 
1000.000000 
1000.000000 
1000.000000 
1000.000000 
1000.000000 
1000.000000 
1000.000000 
1000.000000 
1000.000000 
1000.000000 
1000.000000 
1000.000000 
1000.000000 
1000.000000 
1000.000000 
1000.000000 
1000.000000 
1000.000000 
1000.000000 
1000.000000 
1000.000000 
1000.000000 
1000.000000 
1000.000000 
1000.000000 
1000.000000 
1000.000000 
1000.000000 
1000.000000 
1000.000000 
1000.000000 
1000.000000 
1000.000000 
1000.000000 
1000.000000 
1000.000000 
1000.000000 
1000.000000 
1000.000000 
1000.000000 
1000.000000 
1000.000000 
1000.000000 
1000.000000 
1000.000000 
1000.000000 
1000.000000 
1000.000000 
1000.000000 
1000.000000 
1000.000000 
1000.000000 
1000.000000 
1000.000000 
1000.000000 
1000.000000 
1000.000000 
1000.000000 
1000.000000 
1000.000000 
1000.000000 
1000.000000 
1000.000000 
1000.000000 
1000.000000 
1000.000000 
1000.000000 
1000.000000 
1000.000000 
1000.000000 
1000.000000 
1000.000000 
1000.000000 
1000.000000 
1000.000000 
1000.000000 
1000.000000 
1000.000000 
1000.000000 
1000.000000 
1000.000000 
1000.000000 
1000.000000 
1000.000000 
1000.000000 
1000.000000 
1000.000000 
1000.000000 
1000.000000 
1000.000000 
1000.000000 
1000.000000 
1000.000000 
1000.000000 
1000.000000 
1000.000000 
1000.000000 
1000.000000 
1000.000000 
1000.000000 
1000.000000 
1000.000000 
1000.000000 
1000.000000 
1000.000000 
1000.000000 
1000.000000 
1000.000000 
1000.000000 
1000.000000 
1000.000000 
1000.000000 
1000.000000 
1000.000000 
1000.000000 
1000.000000 
1000.000000 
1000.000000 
1000.000000 
1000.000000 
1000.000000 
1000.000000 
1000.000000 
1000.000000 
1000.000000 
1000.000000 
1000.000000 
1000.000000 
1000.000000 
1000.000000 
1000.000000 
1000.000000 
1000.000000 
1000.000000 
1000.000000 
1000.000000 
1000.000000 
1000.000000 
1000.000000 
1000.000000 
1000.000000 
1000.000000 
1000.000000 
1000.000000 
1000.000000 
1000.000000 
1000.000000 
1000.000000 
1000.000000 
1000.000000 
1000.000000 
1000.000000 
1000.000000 
1000.000000 
1000.000000 
1000.000000 
1000.000000 
1000.000000 
1000.000000 
1000.000000 
1000.000000 
1000.000000 
1000.000000 
1000.000000 
1000.000000 
1000.000000 
1000.000000 
1000.000000 
1000.000000 
1000.000000 
1000.000000 
1000.000000 
1000.000000 
1000.000000 
1000.000000 
1000.000000 
1000.000000 
1000.000000 
1000.000000 
1000.000000 
1000.000000 
1000.000000 
1000.000000 
1000.000000 
1000.000000 
1000.000000 
1000.000000 
1000.000000 
1000.000000 
1000.000000 
1000.000000 
1000.000000 
1000.000000 
1000.000000 
1000.000000 
1000.000000 
1000.000000 
1000.000000 
1000.000000 
1000.000000 
1000.000000 
1000.000000 
1000.000000 
1000.000000 
1000.000000 
1000.000000 
1000.000000 
1000.000000 
1000.000000 
1000.000000 
1000.000000 
1000.000000 
1000.000000 
1000.000000 
1000.000000 
1000.000000 
1000.000000 
1000.000000 
1000.000000 
1000.000000 
1000.000000 
1000.000000 
1000.000000 
1000.000000 
1000.000000 
1000.000000 
1000.000000 
1000.000000 
1000.000000 
1000.000000 
1000.000000 
1000.000000 
1000.000000 
1000.000000 
1000.000000 
1000.000000 
1000.000000 
1000.000000 
1000.000000 
1000.000000 
1000.000000 
1000.000000 
1000.000000 
1000.000000 
1000.000000 
1000.000000 
1000.000000 
1000.000000 
1000.000000 
1000.000000 
1000.000000 
1000.000000 
1000.000000 
1000.000000 
1000.000000 
1000.000000 
1000.000000 
1000.000000 
1000.000000 
1000.000000 
1000.000000 
1000.000000 
1000.000000 
1000.000000 
1000.000000 
1000.000000 
1000.000000 
1000.000000 
1000.000000 
1000.000000 
1000.000000 
1000.000000 
1000.000000 
1000.000000 
1000.000000 
1000.000000 
1000.000000 
1000.000000 
1000.000000 
1000.000000 
1000.000000 
1000.000000 
1000.000000 
1000.000000 
1000.000000 
1000.000000 
1000.000000 
1000.000000 
1000.000000 
1000.000000 
1000.000000 
1000.000000 
1000.000000 
1000.000000 
1000.000000 
1000.000000 
1000.000000 
1000.000000 
1000.000000 
1000.000000 
1000.000000 
1000.000000 
1000.000000 
1000.000000 
1000.000000 
1000.000000 
1000.000000 
1000.000000 
1000.000000 
1000.000000 
1000.000000 
1000.000000 
1000.000000 
1000.000000 
1000.000000 
1000.000000 
1000.000000 
1000.000000 
1000.000000 
1000.000000 
1000.000000 
1000.000000 
1000.000000 
1000.000000 
1000.000000 
1000.000000 
1000.000000 
1000.000000 
1000.000000 
1000.000000 
1000.000000 
1000.000000 
1000.000000 
1000.000000 
1000.000000 
1000.000000 
1000.000000 
1000.000000 
1000.000000 
1000.000000 
1000.000000 
1000.000000 
1000.000000 
1000.000000 
1000.000000 
1000.000000 
1000.000000 
1000.000000 
1000.000000 
1000.000000 
1000.000000 
1000.000000 
1000.000000 
1000.000000 
1000.000000 
1000.000000 
1000.000000 
1000.000000 
1000.000000 
1000.000000 
1000.000000 
1000.000000 
1000.000000 
1000.000000 
1000.000000 
1000.000000 
1000.000000 
1000.000000 
1000.000000 
1000.000000 
1000.000000 
1000.000000 
1000.000000 
1000.000000 
1000.000000 
1000.000000 
1000.000000 
1000.000000 
1000.000000 
1000.000000 
1000.000000 
1000.000000 
1000.000000 
1000.000000 
1000.000000 
1000.000000 
1000.000000 
1000.000000 
1000.000000 
1000.000000 
1000.000000 
1000.000000 
1000.000000 
1000.000000 
1000.000000 
1000.000000 
1000.000000 
1000.000000 
1000.000000 
1000.000000 
1000.000000 
1000.000000 
1000.000000 
1000.000000 
1000.000000 
1000.000000 
1000.000000 
1000.000000 
1000.000000 
1000.000000 
1000.000000 
1000.000000 
1000.000000 
1000.000000 
1000.000000 
1000.000000 
1000.000000 
1000.000000 
1000.000000 
1000.000000 
1000.000000 
1000.000000 
1000.000000 
1000.000000 
1000.000000 
1000.000000 
1000.000000 
1000.000000 
1000.000000 
1000.000000 
1000.000000 
1000.000000 
1000.000000 
1000.000000 
1000.000000 
1000.000000 
1000.000000 
1000.000000 
1000.000000 
1000.000000 
1000.000000 
1000.000000 
1000.000000 
1000.000000 
1000.000000 
1000.000000 
1000.000000 
1000.000000 
1000.000000 
1000.000000 
1000.000000 
1000.000000 
1000.000000 
1000.000000 
1000.000000 
1000.000000 
1000.000000 
1000.000000 
1000.000000 
1000.000000 
1000.000000 
1000.000000 
1000.000000 
1000.000000 
1000.000000 
1000.000000 
1000.000000 
1000.000000 
1000.000000 
1000.000000 
1000.000000 
1000.000000 
1000.000000 
1000.000000 
1000.000000 
1000.000000 
1000.000000 
1000.000000 
1000.000000 
1000.000000 
1000.000000 
1000.000000 
1000.000000 
1000.000000 
1000.000000 
1000.000000 
1000.000000 
1000.000000 
1000.000000 
1000.000000 
1000.000000 
1000.000000 
1000.000000 
1000.000000 
1000.000000 
1000.000000 
1000.000000 
1000.000000 
1000.000000 
1000.000000 
1000.000000 
1000.000000 
1000.000000 
1000.000000 
1000.000000 
1000.000000 
1000.000000 
1000.000000 
1000.000000 
1000.000000 
1000.000000 
1000.000000 
1000.000000 
1000.000000 
1000.000000 
1000.000000 
1000.000000 
1000.000000 
1000.000000 
1000.000000 
1000.000000 
1000.000000 
1000.000000 
1000.000000 
1000.000000 
1000.000000 
1000.000000 
1000.000000 
1000.000000 
1000.000000 
1000.000000 
1000.000000 
1000.000000 
1000.000000 
1000.000000 
1000.000000 
1000.000000 
1000.000000 
1000.000000 
1000.000000 
1000.000000 
1000.000000 
1000.000000 
1000.000000 
1000.000000 
1000.000000 
1000.000000 
1000.000000 
1000.000000 
1000.000000 
1000.000000 
1000.000000 
1000.000000 
1000.000000 
1000.000000 
1000.000000 
1000.000000 
1000.000000 
1000.000000 
1000.000000 
1000.000000 
1000.000000 
1000.000000 
1000.000000 
1000.000000 
1000.000000 
1000.000000 
1000.000000 
1000.000000 
1000.000000 
1000.000000 
1000.000000 
1000.000000 
1000.000000 
1000.000000 
1000.000000 
1000.000000 
1000.000000 
1000.000000 
1000.000000 
1000.000000 
1000.000000 
1000.000000 
1000.000000 
1000.000000 
1000.000000 
1000.000000 
1000.000000 
1000.000000 
1000.000000 
1000.000000 
1000.000000 
1000.000000 
1000.000000 
1000.000000 
1000.000000 
1000.000000 
1000.000000 
1000.000000 
1000.000000 
1000.000000 
1000.000000 
1000.000000 
1000.000000 
1000.000000 
1000.000000 
1000.000000 
1000.000000 
1000.000000 
1000.000000 
1000.000000 
1000.000000 
1000.000000 
1000.000000 
1000.000000 
1000.000000 
1000.000000 
1000.000000 
1000.000000 
1000.000000 
1000.000000 
1000.000000 
1000.000000 
1000.000000 
1000.000000 
1000.000000 
1000.000000 
1000.000000 
1000.000000 
1000.000000 
1000.000000 
1000.000000 
1000.000000 
1000.000000 
1000.000000 
1000.000000 
1000.000000 
1000.000000 
1000.000000 
1000.000000 
1000.000000 
1000.000000 
1000.000000 
1000.000000 
1000.000000 
1000.000000 
1000.000000 
1000.000000 
1000.000000 
1000.000000 
1000.000000 
1000.000000 
1000.000000 
1000.000000 
1000.000000 
1000.000000 
1000.000000 
1000.000000 
1000.000000 
1000.000000 
1000.000000 
1000.000000 
1000.000000 
1000.000000 
1000.000000 
1000.000000 
1000.000000 
1000.000000 
1000.000000 
1000.000000 
1000.000000 
1000.000000 
1000.000000 
1000.000000 
1000.000000 
1000.000000 
1000.000000 
1000.000000 
1000.000000 
1000.000000 
1000.000000 
1000.000000 
1000.000000 
1000.000000 
1000.000000 
1000.000000 
1000.000000 
1000.000000 
1000.000000 
1000.000000 
1000.000000 
1000.000000 
1000.000000 
1000.000000 
1000.000000 
1000.000000 
1000.000000 
1000.000000 
1000.000000 
1000.000000 
1000.000000 
1000.000000 
1000.000000 
1000.000000 
1000.000000 
1000.000000 
1000.000000 
1000.000000 
1000.000000 
1000.000000 
1000.000000 
1000.000000 
1000.000000 
1000.000000 
1000.000000 
1000.000000 
1000.000000 
1000.000000 
1000.000000 
1000.000000 
1000.000000 
1000.000000 
1000.000000 
1000.000000 
1000.000000 
1000.000000 
1000.000000 
1000.000000 
1000.000000 
1000.000000 
1000.000000 
1000.000000 
1000.000000 
1000.000000 
1000.000000 
1000.000000 
1000.000000 
1000.000000 
1000.000000 
1000.000000 
1000.000000 
1000.000000 
1000.000000 
1000.000000 
1000.000000 
1000.000000 
1000.000000 
1000.000000 
1000.000000 
1000.000000 
1000.000000 
1000.000000 
1000.000000 
1000.000000 
1000.000000 
1000.000000 
1000.000000 
1000.000000 
1000.000000 
1000.000000 
1000.000000 
1000.000000 
1000.000000 
1000.000000 
1000.000000 
1000.000000 
1000.000000 
1000.000000 
1000.000000 
1000.000000 
1000.000000 
1000.000000 
1000.000000 
1000.000000 
1000.000000 
1000.000000 
1000.000000 
1000.000000 
1000.000000 
1000.000000 
1000.000000 
1000.000000 
1000.000000 
1000.000000 
1000.000000 
1000.000000 
1000.000000 
1000.000000 
1000.000000 
1000.000000 
1000.000000 
1000.000000 
1000.000000 
1000.000000 
1000.000000 
1000.000000 
1000.000000 
1000.000000 
1000.000000 
1000.000000 
1000.000000 
1000.000000 
1000.000000 
1000.000000 
1000.000000 
1000.000000 
1000.000000 
1000.000000 
1000.000000 
1000.000000 
1000.000000 
1000.000000 
1000.000000 
1000.000000 
1000.000000 
1000.000000 
1000.000000 
1000.000000 
1000.000000 
1000.000000 
1000.000000 
1000.000000 
1000.000000 
1000.000000 
1000.000000 
1000.000000 
1000.000000 
1000.000000 
1000.000000 
1000.000000 
1000.000000 
1000.000000 
1000.000000 
1000.000000 
1000.000000 
1000.000000 
1000.000000 
1000.000000 
1000.000000 
1000.000000 
1000.000000 
1000.000000 
1000.000000 
1000.000000 
1000.000000 
1000.000000 
1000.000000 
1000.000000 
1000.000000 
1000.000000 
1000.000000 
1000.000000 
1000.000000 
1000.000000 
1000.000000 
1000.000000 
1000.000000 
1000.000000 
1000.000000 
1000.000000 
1000.000000 
1000.000000 
1000.000000 
1000.000000 
1000.000000 
1000.000000 
1000.000000 
1000.000000 
1000.000000 
1000.000000 
1000.000000 
1000.000000 
1000.000000 
1000.000000 
1000.000000 
1000.000000 
1000.000000 
1000.000000 
1000.000000 
1000.000000 
1000.000000 
1000.000000 
1000.000000 
1000.000000 
1000.000000 
1000.000000 
1000.000000 
1000.000000 
1000.000000 
1000.000000 
1000.000000 
1000.000000 
1000.000000 
1000.000000 
1000.000000 
1000.000000 
1000.000000 
1000.000000 
1000.000000 
1000.000000 
1000.000000 
1000.000000 
1000.000000 
1000.000000 
1000.000000 
1000.000000 
1000.000000 
1000.000000 
1000.000000 
1000.000000 
1000.000000 
1000.000000 
1000.000000 
1000.000000 
1000.000000 
1000.000000 
1000.000000 
1000.000000 
1000.000000 
1000.000000 
1000.000000 
1000.000000 
1000.000000 
1000.000000 
1000.000000 
1000.000000 
1000.000000 
1000.000000 
1000.000000 
1000.000000 
1000.000000 
1000.000000 
1000.000000 
1000.000000 
1000.000000 
1000.000000 
1000.000000 
1000.000000 
1000.000000 
1000.000000 
1000.000000 
1000.000000 
1000.000000 
1000.000000 
1000.000000 
1000.000000 
1000.000000 
1000.000000 
1000.000000 
1000.000000 
1000.000000 
1000.000000 
1000.000000 
1000.000000 
1000.000000 
1000.000000 
1000.000000 
1000.000000 
1000.000000 
1000.000000 
1000.000000 
1000.000000 
1000.000000 
1000.000000 
1000.000000 
1000.000000 
1000.000000 
1000.000000 
1000.000000 
1000.000000 
1000.000000 
1000.000000 
1000.000000 
1000.000000 
1000.000000 
1000.000000 
1000.000000 
1000.000000 
1000.000000 
1000.000000 
1000.000000 
1000.000000 
1000.000000 
1000.000000 
1000.000000 
1000.000000 
1000.000000 
1000.000000 
1000.000000 
1000.000000 
1000.000000 
1000.000000 
1000.000000 
1000.000000 
1000.000000 
1000.000000 
1000.000000 
1000.000000 
1000.000000 
1000.000000 
1000.000000 
1000.000000 
1000.000000 
1000.000000 
1000.000000 
1000.000000 
1000.000000 
1000.000000 
1000.000000 
1000.000000 
1000.000000 
1000.000000 
1000.000000 
1000.000000 
1000.000000 
1000.000000 
1000.000000 
1000.000000 
1000.000000 
1000.000000 
1000.000000 
1000.000000 
1000.000000 
1000.000000 
1000.000000 
1000.000000 
1000.000000 
1000.000000 
1000.000000 
1000.000000 
1000.000000 
1000.000000 
1000.000000 
1000.000000 
1000.000000 
1000.000000 
1000.000000 
1000.000000 
1000.000000 
1000.000000 
1000.000000 
1000.000000 
1000.000000 
1000.000000 
1000.000000 
1000.000000 
1000.000000 
1000.000000 
1000.000000 
1000.000000 
1000.000000 
1000.000000 
1000.000000 
1000.000000 
1000.000000 
1000.000000 
1000.000000 
1000.000000 
1000.000000 
1000.000000 
1000.000000 
1000.000000 
1000.000000 
1000.000000 
1000.000000 
1000.000000 
1000.000000 
1000.000000 
1000.000000 
1000.000000 
1000.000000 
1000.000000 
1000.000000 
1000.000000 
1000.000000 
1000.000000 
1000.000000 
1000.000000 
1000.000000 
1000.000000 
1000.000000 
1000.000000 
1000.000000 
1000.000000 
1000.000000 
1000.000000 
1000.000000 
1000.000000 
1000.000000 
1000.000000 
1000.000000 
1000.000000 
1000.000000 
1000.000000 
1000.000000 
1000.000000 
1000.000000 
1000.000000 
1000.000000 
1000.000000 
1000.000000 
1000.000000 
1000.000000 
1000.000000 
1000.000000 
1000.000000 
1000.000000 
1000.000000 
1000.000000 
1000.000000 
1000.000000 
1000.000000 
1000.000000 
1000.000000 
1000.000000 
1000.000000 
1000.000000 
1000.000000 
1000.000000 
1000.000000 
1000.000000 
1000.000000 
1000.000000 
1000.000000 
1000.000000 
1000.000000 
1000.000000 
1000.000000 
1000.000000 
1000.000000 
1000.000000 
1000.000000 
1000.000000 
1000.000000 
1000.000000 
1000.000000 
1000.000000 
