78.860000 0.000 0.000 0.00000 0.000 -1 1581248518.890785
88.870000 0.000 0.000 0.00000 0.000 -1 1581248528.909860
99.110000 0.000 0.000 0.00000 0.000 -1 1581248541.220031
101.390000 0.000 0.000 0.00830 0.000 -1 1581248541.480960
101.400000 0.000 0.000 0.01690 0.000 -1 1581248541.486229
101.410000 0.000 0.000 0.02480 0.000 -1 1581248541.502534
101.420000 0.000 0.000 0.03350 0.000 -1 1581248541.508437
101.450000 0.001 0.000 0.03980 0.000 -1 1581248541.536929
101.470000 0.001 0.000 0.04850 0.000 -1 1581248541.559406
101.480000 0.002 0.000 0.05560 0.000 -1 1581248541.570761
101.490000 0.002 0.000 0.06230 0.000 -1 1581248541.576022
101.500000 0.002 0.000 0.06940 0.000 -1 1581248541.588667
101.530000 0.003 0.000 0.07490 0.000 -1 1581248541.617959
101.590000 0.006 0.000 0.07840 0.000 -1 1581248541.677520
101.640000 0.010 0.001 0.07800 0.000 -1 1581248541.728167
101.680000 0.013 0.001 0.08240 0.000 -1 1581248541.769899
101.710000 0.016 0.001 0.08240 0.000 -1 1581248541.799461
101.740000 0.019 0.001 0.08470 0.000 -1 1581248541.828779
101.770000 0.022 0.002 0.08590 0.000 -1 1581248541.856200
101.800000 0.026 0.002 0.08710 0.000 -1 1581248541.890071
101.830000 0.030 0.002 0.08830 0.000 -1 1581248541.920310
101.860000 0.034 0.003 0.08910 0.000 -1 1581248541.950304
101.890000 0.038 0.003 0.09060 0.000 -1 1581248541.980886
101.910000 0.042 0.003 0.09220 0.000 -1 1581248541.997381
101.930000 0.045 0.004 0.09260 0.000 -1 1581248542.019844
101.950000 0.048 0.004 0.09340 0.000 -1 1581248542.041346
101.970000 0.052 0.004 0.09460 0.000 -1 1581248542.060074
101.990000 0.055 0.005 0.09580 0.000 -1 1581248542.078075
102.010000 0.059 0.005 0.09610 0.000 -1 1581248542.095760
102.030000 0.063 0.005 0.09690 0.000 -1 1581248542.119033
102.050000 0.067 0.006 0.09810 0.000 -1 1581248542.136064
102.070000 0.071 0.006 0.09890 0.000 -1 1581248542.159699
102.090000 0.075 0.007 0.10010 0.000 -1 1581248542.179231
102.110000 0.079 0.007 0.10130 0.000 -1 1581248542.197105
102.130000 0.083 0.007 0.10170 0.000 -1 1581248542.219922
102.150000 0.088 0.008 0.10170 0.000 -1 1581248542.238132
102.170000 0.092 0.008 0.10320 0.000 -1 1581248542.261690
102.190000 0.097 0.009 0.10520 0.000 -1 1581248542.279382
102.210000 0.102 0.009 0.10520 0.000 -1 1581248542.296928
102.230000 0.107 0.010 0.10520 0.000 -1 1581248542.319893
102.250000 0.112 0.011 0.10720 0.000 -1 1581248542.337311
102.270000 0.117 0.011 0.10880 0.000 -1 1581248542.358865
102.290000 0.123 0.012 0.10910 0.000 -1 1581248542.381152
102.310000 0.128 0.012 0.10910 0.000 -1 1581248542.398094
102.330000 0.134 0.013 0.11030 0.000 -1 1581248542.420674
102.350000 0.139 0.013 0.11150 0.000 -1 1581248542.438039
102.370000 0.145 0.014 0.11230 0.000 -1 1581248542.477305
102.380000 0.148 0.015 0.11310 0.000 -1 1581248542.483101
102.400000 0.154 0.015 0.11430 0.000 -1 1581248542.499238
102.410000 0.157 0.015 0.11470 0.000 -1 1581248542.511698
102.420000 0.160 0.016 0.11470 0.000 -1 1581248542.517427
102.430000 0.163 0.016 0.11550 0.000 -1 1581248542.529498
102.440000 0.166 0.017 0.11550 0.000 -1 1581248542.542962
102.450000 0.169 0.017 0.11620 0.000 -1 1581248542.548957
102.470000 0.175 0.018 0.11660 0.000 -1 1581248542.567594
102.480000 0.178 0.018 0.11780 0.000 -1 1581248542.579367
102.490000 0.181 0.018 0.11780 0.000 -1 1581248542.591786
102.510000 0.187 0.019 0.11860 0.000 -1 1581248542.609004
102.530000 0.193 0.020 0.11470 0.000 -1 1581248542.630842
102.540000 0.196 0.020 0.11110 0.000 -1 1581248542.636545
102.550000 0.199 0.020 0.10560 0.000 -1 1581248542.649001
102.560000 0.202 0.021 0.10090 0.000 -1 1581248542.660088
102.580000 0.208 0.021 0.09220 0.000 -1 1581248542.680890
102.590000 0.211 0.021 0.09180 0.000 -1 1581248542.687326
102.600000 0.214 0.022 0.09260 0.000 -1 1581248542.700995
102.610000 0.217 0.022 0.09460 0.000 -1 1581248542.706362
102.630000 0.223 0.023 0.09730 0.000 -1 1581248542.730580
102.640000 0.226 0.023 0.09610 0.000 -1 1581248542.740984
102.650000 0.229 0.023 0.09460 0.000 -1 1581248542.746977
102.660000 0.232 0.024 0.09340 0.000 -1 1581248542.758828
102.670000 0.235 0.024 0.09180 0.000 -1 1581248542.772225
102.680000 0.238 0.024 0.08910 0.000 -1 1581248542.778453
102.690000 0.241 0.024 0.08630 0.000 -1 1581248542.789900
102.710000 0.246 0.025 0.07680 0.000 -1 1581248542.806879
102.720000 0.249 0.025 0.07490 0.000 -1 1581248542.817881
102.730000 0.253 0.025 0.07450 0.000 -1 1581248542.829868
102.740000 0.256 0.025 0.07680 0.000 -1 1581248542.837232
102.750000 0.259 0.026 0.08040 0.000 -1 1581248542.849206
102.760000 0.262 0.026 0.08160 0.000 -1 1581248542.860887
102.770000 0.265 0.026 0.08240 0.000 -1 1581248542.874631
102.790000 0.271 0.027 0.07880 0.000 -1 1581248542.885942
102.800000 0.274 0.027 0.07840 0.000 -1 1581248542.897439
102.820000 0.279 0.027 0.07570 0.000 -1 1581248542.919676
102.830000 0.282 0.028 0.07570 0.000 -1 1581248542.933646
102.840000 0.285 0.028 0.07210 0.000 -1 1581248542.939431
102.850000 0.288 0.028 0.06860 0.000 -1 1581248542.950227
102.860000 0.291 0.028 0.06700 0.000 -1 1581248542.955923
102.870000 0.294 0.028 0.06230 0.000 -1 1581248542.966748
102.880000 0.297 0.029 0.06270 0.000 -1 1581248542.979490
102.890000 0.300 0.029 0.06380 0.000 -1 1581248542.995454
102.900000 0.303 0.029 0.06460 0.000 -1 1581248543.000768
102.920000 0.309 0.029 0.06860 0.000 -1 1581248543.029611
102.930000 0.312 0.030 0.06780 0.000 -1 1581248543.035160
102.950000 0.318 0.030 0.06420 0.000 -1 1581248543.052469
102.960000 0.321 0.030 0.06070 0.000 -1 1581248543.058110
102.980000 0.327 0.031 0.05160 0.000 -1 1581248543.079782
102.990000 0.330 0.031 0.05080 0.000 -1 1581248543.085299
103.000000 0.333 0.031 0.05160 0.000 -1 1581248543.095983
103.010000 0.336 0.031 0.05400 0.000 -1 1581248543.107266
103.020000 0.339 0.031 0.05790 0.000 -1 1581248543.118380
103.030000 0.342 0.031 0.05830 0.000 -1 1581248543.129758
103.040000 0.345 0.032 0.05750 0.000 -1 1581248543.135520
103.050000 0.348 0.032 0.05630 0.000 -1 1581248543.146356
103.060000 0.351 0.032 0.05400 0.000 -1 1581248543.157574
103.070000 0.354 0.032 0.05360 0.000 -1 1581248543.168503
103.080000 0.357 0.032 0.05560 0.000 -1 1581248543.179784
103.090000 0.360 0.032 0.05710 0.000 -1 1581248543.193596
103.100000 0.363 0.033 0.05910 0.000 -1 1581248543.204808
103.110000 0.366 0.033 0.05990 0.000 -1 1581248543.210046
103.120000 0.369 0.033 0.05790 0.000 -1 1581248543.215555
103.140000 0.375 0.033 0.04890 0.000 -1 1581248543.237457
103.150000 0.378 0.033 0.04260 0.000 -1 1581248543.250299
103.160000 0.381 0.034 0.03740 0.000 -1 1581248543.255785
103.170000 0.384 0.034 0.03470 0.000 -1 1581248543.266715
103.190000 0.390 0.034 0.03630 0.000 -1 1581248543.289381
103.200000 0.393 0.034 0.03860 0.000 -1 1581248543.300019
103.210000 0.396 0.034 0.04020 0.000 -1 1581248543.311956
103.230000 0.402 0.034 0.03900 0.000 -1 1581248543.330210
103.240000 0.405 0.034 0.03780 0.000 -1 1581248543.343004
103.260000 0.411 0.035 0.03700 0.000 -1 1581248543.362756
103.270000 0.414 0.035 0.03900 0.000 -1 1581248543.368477
103.280000 0.417 0.035 0.04100 0.000 -1 1581248543.380489
103.290000 0.420 0.035 0.04260 0.000 -1 1581248543.392126
103.300000 0.423 0.035 0.04300 0.000 -1 1581248543.397899
103.310000 0.426 0.035 0.04260 0.000 -1 1581248543.411850
103.320000 0.429 0.035 0.04180 0.000 -1 1581248543.423421
103.330000 0.432 0.035 0.04100 0.000 -1 1581248543.429199
103.340000 0.435 0.036 0.03980 0.000 -1 1581248543.440992
103.350000 0.438 0.036 0.03780 0.000 -1 1581248543.446310
103.360000 0.441 0.036 0.03700 0.000 -1 1581248543.457625
103.370000 0.444 0.036 0.03700 0.000 -1 1581248543.470074
103.380000 0.447 0.036 0.03780 0.000 -1 1581248543.475376
103.390000 0.450 0.036 0.03940 0.000 -1 1581248543.486407
103.400000 0.453 0.036 0.04020 0.000 -1 1581248543.497068
103.410000 0.456 0.036 0.04060 0.000 -1 1581248543.508794
103.420000 0.459 0.036 0.04100 0.000 -1 1581248543.519913
103.430000 0.462 0.037 0.03860 0.000 -1 1581248543.525250
103.450000 0.468 0.037 0.03070 0.000 -1 1581248543.548271
103.460000 0.471 0.037 0.02520 0.000 -1 1581248543.564601
103.470000 0.474 0.037 0.02170 0.000 -1 1581248543.570135
103.480000 0.477 0.037 0.02010 0.000 -1 1581248543.576280
103.490000 0.480 0.037 0.02170 0.000 -1 1581248543.587014
103.500000 0.483 0.037 0.02440 0.000 -1 1581248543.608559
103.510000 0.486 0.037 0.02720 0.000 -1 1581248543.613968
103.520000 0.489 0.037 0.02800 0.000 -1 1581248543.619578
103.530000 0.492 0.037 0.02680 0.000 -1 1581248543.631142
103.540000 0.495 0.037 0.02560 0.000 -1 1581248543.637346
103.550000 0.498 0.038 0.02400 0.000 -1 1581248543.648745
103.570000 0.504 0.038 0.02520 0.000 -1 1581248543.669351
103.580000 0.507 0.038 0.02720 0.000 -1 1581248543.680522
103.590000 0.510 0.038 0.02880 0.000 -1 1581248543.686096
103.600000 0.513 0.038 0.02920 0.000 -1 1581248543.697896
103.610000 0.516 0.038 0.02920 0.000 -1 1581248543.709651
103.620000 0.519 0.038 0.02880 0.000 -1 1581248543.721775
103.630000 0.522 0.038 0.02760 0.000 -1 1581248543.727275
103.640000 0.525 0.038 0.02840 0.000 -1 1581248543.739058
103.650000 0.528 0.038 0.02960 0.000 -1 1581248543.750122
103.660000 0.531 0.038 0.03030 0.000 -1 1581248543.755677
103.670000 0.534 0.039 0.03150 0.000 -1 1581248543.766414
103.690000 0.540 0.039 0.03030 0.000 -1 1581248543.790072
103.710000 0.546 0.039 0.02130 0.000 -1 1581248543.806549
103.720000 0.549 0.039 0.01620 0.000 -1 1581248543.818281
103.740000 0.555 0.039 0.00790 0.000 -1 1581248543.842579
103.760000 0.561 0.039 0.00910 0.000 -1 1581248543.880529
103.780000 0.567 0.039 0.01420 0.000 -1 1581248543.891413
103.790000 0.570 0.039 0.01380 0.000 -1 1581248543.897055
103.810000 0.576 0.039 0.01180 0.000 -1 1581248543.921613
103.830000 0.582 0.039 0.01060 0.000 -1 1581248543.940137
103.850000 0.588 0.039 0.01420 0.000 -1 1581248543.956767
103.860000 0.591 0.040 0.01540 0.000 -1 1581248543.968517
103.880000 0.597 0.040 0.01540 0.000 -1 1581248543.990401
103.890000 0.600 0.040 0.01500 0.000 -1 1581248543.995644
103.900000 0.603 0.040 0.01460 0.000 -1 1581248544.006923
103.920000 0.609 0.040 0.01650 0.000 -1 1581248544.029349
103.930000 0.612 0.040 0.01690 0.000 -1 1581248544.040141
103.950000 0.618 0.040 0.01850 0.000 -1 1581248544.063707
103.960000 0.621 0.040 0.01770 0.000 -1 1581248544.075486
103.970000 0.624 0.040 0.01850 0.000 -1 1581248544.081325
103.990000 0.630 0.040 0.01850 0.000 -1 1581248544.098138
104.000000 0.633 0.040 0.02010 0.000 -1 1581248544.109107
104.020000 0.639 0.040 0.02090 0.000 -1 1581248544.131510
104.030000 0.642 0.040 0.02170 0.000 -1 1581248544.137033
104.040000 0.645 0.040 0.02090 0.000 -1 1581248544.148878
104.060000 0.651 0.041 0.02090 0.000 -1 1581248544.167442
104.070000 0.654 0.041 0.01770 0.000 -1 1581248544.179227
104.090000 0.660 0.041 0.00870 0.000 -1 1581248544.195948
104.100000 0.663 0.041 0.00320 0.000 -1 1581248544.206759
104.110000 0.666 0.041 0.00160 0.000 -1 1581248544.217362
104.120000 0.669 0.041 0.00240 0.000 -1 1581248544.228129
104.130000 0.672 0.041 0.00550 0.000 -1 1581248544.238830
104.150000 0.678 0.041 0.00990 0.000 -1 1581248544.255197
104.160000 0.681 0.041 0.00950 0.000 -1 1581248544.265892
104.180000 0.687 0.041 0.00470 0.000 -1 1581248544.288951
104.190000 0.690 0.041 0.00470 0.000 -1 1581248544.301767
104.200000 0.693 0.041 0.00550 0.000 -1 1581248544.307507
104.220000 0.699 0.041 0.00990 0.000 -1 1581248544.328797
104.240000 0.705 0.041 0.01100 0.000 -1 1581248544.351019
104.250000 0.708 0.041 0.00990 0.000 -1 1581248544.356785
104.270000 0.714 0.041 0.00950 0.000 -1 1581248544.380627
104.290000 0.720 0.041 0.01140 0.000 -1 1581248544.397986
104.310000 0.726 0.041 0.01420 0.000 -1 1581248544.421424
104.320000 0.729 0.041 0.01380 0.000 -1 1581248544.433133
104.340000 0.735 0.041 0.01340 0.000 -1 1581248544.450214
104.360000 0.741 0.042 0.01380 0.000 -1 1581248544.468374
104.380000 0.747 0.042 0.01580 0.000 -1 1581248544.486067
104.390000 0.750 0.042 0.01620 0.000 -1 1581248544.496904
104.410000 0.756 0.042 0.01690 0.000 -1 1581248544.520553
104.420000 0.759 0.042 0.01580 0.000 -1 1581248544.531161
104.430000 0.762 0.042 0.01300 0.000 -1 1581248544.537170
104.450000 0.768 0.042 0.00320 0.000 -1 1581248544.560908
104.460000 0.771 0.042 -0.00160 0.000 -1 1581248544.566252
104.470000 0.774 0.042 -0.00350 0.000 -1 1581248544.577222
104.480000 0.777 0.042 -0.00240 0.000 -1 1581248544.589916
104.500000 0.783 0.042 0.00390 0.000 -1 1581248544.606594
104.510000 0.786 0.042 0.00550 0.000 -1 1581248544.619302
104.530000 0.792 0.042 0.00240 0.000 -1 1581248544.636938
104.540000 0.795 0.042 0.00040 0.000 -1 1581248544.648831
104.550000 0.798 0.042 -0.00080 0.000 -1 1581248544.659724
104.570000 0.804 0.042 0.00320 0.000 -1 1581248544.678117
104.580000 0.807 0.042 0.00550 0.000 -1 1581248544.695891
104.600000 0.813 0.042 0.00630 0.000 -1 1581248544.708959
104.610000 0.816 0.042 0.00510 0.000 -1 1581248544.719657
104.620000 0.819 0.042 0.00470 0.000 -1 1581248544.731020
104.640000 0.825 0.042 0.00550 0.000 -1 1581248544.748783
104.650000 0.828 0.042 0.00670 0.000 -1 1581248544.760581
104.660000 0.831 0.042 0.00790 0.000 -1 1581248544.771500
104.670000 0.834 0.042 0.00950 0.000 -1 1581248544.777127
104.680000 0.837 0.042 0.00830 0.000 -1 1581248544.787933
104.690000 0.840 0.042 0.00870 0.000 -1 1581248544.801437
104.710000 0.846 0.042 0.00790 0.000 -1 1581248544.818249
104.720000 0.849 0.042 0.00910 0.000 -1 1581248544.829993
104.730000 0.852 0.042 0.01020 0.000 -1 1581248544.841313
104.750000 0.858 0.042 0.01220 0.000 -1 1581248544.860175
104.760000 0.861 0.042 0.01220 0.000 -1 1581248544.873918
104.770000 0.864 0.042 0.01260 0.000 -1 1581248544.879460
104.780000 0.867 0.042 0.01220 0.000 -1 1581248544.892789
104.800000 0.873 0.042 0.00870 0.000 -1 1581248544.910324
104.820000 0.879 0.043 -0.00040 0.000 -1 1581248544.929185
104.830000 0.882 0.043 -0.00280 0.000 -1 1581248544.939975
104.840000 0.885 0.043 -0.00320 0.000 -1 1581248544.945205
104.850000 0.888 0.043 -0.00000 0.000 -1 1581248544.957343
104.860000 0.891 0.043 0.00320 0.000 -1 1581248544.969091
104.870000 0.894 0.043 0.00470 0.000 -1 1581248544.981136
104.890000 0.900 0.043 0.00320 0.000 -1 1581248544.997558
104.900000 0.903 0.043 0.00080 0.000 -1 1581248545.009436
104.920000 0.909 0.043 -0.00000 0.000 -1 1581248545.031891
104.930000 0.912 0.043 0.00280 0.000 -1 1581248545.038696
104.940000 0.915 0.043 0.00470 0.000 -1 1581248545.054488
104.960000 0.921 0.043 0.00710 0.000 -1 1581248545.070526
104.970000 0.924 0.043 0.00550 0.000 -1 1581248545.076070
104.990000 0.930 0.043 0.00390 0.000 -1 1581248545.098489
105.000000 0.933 0.043 0.00350 0.000 -1 1581248545.109939
105.010000 0.936 0.043 0.00630 0.000 -1 1581248545.121012
105.030000 0.942 0.043 0.00910 0.000 -1 1581248545.142840
105.050000 0.948 0.043 0.00870 0.000 -1 1581248545.158502
105.060000 0.951 0.043 0.00790 0.000 -1 1581248545.169392
105.070000 0.954 0.043 0.00750 0.000 -1 1581248545.180885
105.080000 0.957 0.043 0.00710 0.000 -1 1581248545.186684
105.100000 0.963 0.043 0.00870 0.000 -1 1581248545.215150
105.110000 0.966 0.043 0.00910 0.000 -1 1581248545.220539
105.120000 0.969 0.043 0.01020 0.000 -1 1581248545.226076
105.130000 0.972 0.043 0.01020 0.000 -1 1581248545.237022
105.140000 0.975 0.043 0.00990 0.000 -1 1581248545.249485
105.150000 0.978 0.043 0.00950 0.000 -1 1581248545.260811
105.170000 0.984 0.043 0.00160 0.000 -1 1581248545.277173
105.180000 0.987 0.043 -0.00280 0.000 -1 1581248545.288151
105.190000 0.990 0.043 -0.00830 0.000 -1 1581248545.299338
105.200000 0.993 0.043 -0.00990 0.000 -1 1581248545.310930
105.220000 0.999 0.043 -0.00590 0.000 -1 1581248545.332261
105.230000 1.002 0.043 -0.00240 0.000 -1 1581248545.338682
105.240000 1.005 0.043 -0.00160 0.000 -1 1581248545.350538
105.260000 1.011 0.043 -0.00390 0.000 -1 1581248545.370007
105.280000 1.017 0.043 -0.00590 0.000 -1 1581248545.388005
105.290000 1.020 0.043 -0.00510 0.000 -1 1581248545.401642
105.300000 1.023 0.043 -0.00320 0.000 -1 1581248545.414230
105.310000 1.026 0.043 -0.00080 0.000 -1 1581248545.420137
105.330000 1.032 0.043 -0.00000 0.000 -1 1581248545.436877
105.350000 1.038 0.043 -0.00120 0.000 -1 1581248545.459411
105.360000 1.041 0.043 -0.00160 0.000 -1 1581248545.470073
105.380000 1.047 0.043 0.00080 0.000 -1 1581248545.487358
105.390000 1.050 0.043 0.00200 0.000 -1 1581248545.497939
105.400000 1.053 0.043 0.00240 0.000 -1 1581248545.511279
105.420000 1.059 0.043 0.00160 0.000 -1 1581248545.528151
105.430000 1.062 0.043 0.00160 0.000 -1 1581248545.539202
105.450000 1.068 0.043 0.00320 0.000 -1 1581248545.561665
105.470000 1.074 0.043 0.00550 0.000 -1 1581248545.589807
105.490000 1.080 0.043 0.00550 0.000 -1 1581248545.602776
105.500000 1.083 0.043 0.00550 0.000 -1 1581248545.608400
105.520000 1.089 0.043 0.00630 0.000 -1 1581248545.630566
105.530000 1.092 0.043 0.00670 0.000 -1 1581248545.641110
105.540000 1.095 0.043 0.00790 0.000 -1 1581248545.646831
105.560000 1.101 0.043 0.00870 0.000 -1 1581248545.674958
105.570000 1.104 0.043 0.00910 0.000 -1 1581248545.680857
105.590000 1.110 0.043 0.00870 0.000 -1 1581248545.698576
105.600000 1.113 0.043 0.00590 0.000 -1 1581248545.710879
105.610000 1.116 0.043 0.00160 0.000 -1 1581248545.749086
105.620000 1.119 0.043 -0.00390 0.000 -1 1581248545.759646
105.630000 1.122 0.043 -0.00910 0.000 -1 1581248545.770749
105.650000 1.128 0.043 -0.00990 0.000 -1 1581248545.787320
105.670000 1.134 0.043 -0.00280 0.000 -1 1581248545.810156
105.680000 1.137 0.043 -0.00160 0.000 -1 1581248545.821579
105.700000 1.143 0.043 -0.00390 0.000 -1 1581248545.845441
105.720000 1.149 0.043 -0.00710 0.000 -1 1581248545.859177
105.740000 1.155 0.043 -0.00350 0.000 -1 1581248545.875677
105.750000 1.158 0.043 -0.00080 0.000 -1 1581248545.889416
105.770000 1.164 0.043 -0.00080 0.000 -1 1581248545.906426
105.780000 1.167 0.043 -0.00120 0.000 -1 1581248545.916924
105.790000 1.170 0.043 -0.00320 0.000 -1 1581248545.928551
105.800000 1.173 0.043 -0.00320 0.000 -1 1581248545.941426
105.820000 1.179 0.043 -0.00080 0.000 -1 1581248545.958537
105.840000 1.185 0.043 0.00240 0.000 -1 1581248545.981140
105.860000 1.191 0.043 0.00240 0.000 -1 1581248545.997277
105.880000 1.197 0.043 0.00160 0.000 -1 1581248546.022781
105.890000 1.200 0.043 0.00240 0.000 -1 1581248546.028819
105.910000 1.206 0.043 0.00470 0.000 -1 1581248546.053600
105.920000 1.209 0.043 0.00510 0.000 -1 1581248546.059025
105.930000 1.212 0.043 0.00550 0.000 -1 1581248546.071129
105.950000 1.218 0.043 0.00470 0.000 -1 1581248546.088416
105.960000 1.221 0.043 0.00550 0.000 -1 1581248546.099475
105.980000 1.227 0.043 0.00710 0.000 -1 1581248546.120699
106.000000 1.233 0.043 0.00870 0.000 -1 1581248546.143304
106.020000 1.239 0.043 0.00870 0.000 -1 1581248546.160429
106.040000 1.245 0.043 0.00470 0.000 -1 1581248546.177616
106.050000 1.248 0.043 0.00080 0.000 -1 1581248546.189273
106.060000 1.251 0.043 -0.00430 0.000 -1 1581248546.204180
106.080000 1.257 0.043 -0.00630 0.000 -1 1581248546.220660
106.090000 1.260 0.043 -0.00350 0.000 -1 1581248546.231636
106.110000 1.266 0.043 0.00160 0.000 -1 1581248546.249030
106.130000 1.272 0.043 0.00080 0.000 -1 1581248546.269934
106.140000 1.275 0.043 -0.00160 0.000 -1 1581248546.281808
106.160000 1.281 0.043 -0.00160 0.000 -1 1581248546.298836
106.170000 1.284 0.043 0.00040 0.000 -1 1581248546.309350
106.190000 1.290 0.043 0.00320 0.000 -1 1581248546.325797
106.210000 1.296 0.043 0.00320 0.000 -1 1581248546.349373
106.230000 1.302 0.043 0.00240 0.000 -1 1581248546.365174
106.240000 1.305 0.043 0.00240 0.000 -1 1581248546.376940
106.260000 1.311 0.043 0.00550 0.000 -1 1581248546.399483
106.270000 1.314 0.043 0.00630 0.000 -1 1581248546.411032
106.280000 1.317 0.043 0.00710 0.000 -1 1581248546.417128
106.300000 1.323 0.043 0.00550 0.000 -1 1581248546.441144
106.310000 1.326 0.043 0.00510 0.000 -1 1581248546.452532
106.320000 1.329 0.043 0.00550 0.000 -1 1581248546.465269
106.340000 1.335 0.043 0.00830 0.000 -1 1581248546.476102
106.350000 1.338 0.043 0.00910 0.000 -1 1581248546.487812
106.370000 1.332 0.043 0.00950 0.000 -1 1581248546.510311
106.390000 1.326 0.043 0.00910 0.000 -1 1581248546.533984
106.400000 1.323 0.043 0.00950 0.000 -1 1581248546.545590
106.420000 1.317 0.043 0.00910 0.000 -1 1581248546.556747
106.430000 1.314 0.043 0.00910 0.000 -1 1581248546.571478
106.440000 1.311 0.043 0.00950 0.000 -1 1581248546.580095
106.460000 1.305 0.043 0.00910 0.000 -1 1581248546.597626
106.480000 1.299 0.043 0.00950 0.000 -1 1581248546.619857
106.500000 1.293 0.043 0.00910 0.000 -1 1581248546.636985
106.520000 1.287 0.043 0.00950 0.000 -1 1581248546.661076
106.530000 1.284 0.043 0.00910 0.000 -1 1581248546.669416
106.540000 1.281 0.043 0.00950 0.000 -1 1581248546.688039
106.560000 1.275 0.043 0.00950 0.000 -1 1581248546.705837
106.570000 1.272 0.043 0.00910 0.000 -1 1581248546.711103
106.590000 1.266 0.043 0.00950 0.000 -1 1581248546.732049
106.610000 1.260 0.043 0.00950 0.000 -1 1581248546.749086
106.630000 1.254 0.043 0.00950 0.000 -1 1581248546.765183
106.640000 1.251 0.043 0.00910 0.000 -1 1581248546.776151
106.650000 1.248 0.043 0.00950 0.000 -1 1581248546.788772
106.670000 1.242 0.043 0.00910 0.000 -1 1581248546.809241
106.680000 1.239 0.043 0.00950 0.000 -1 1581248546.821705
106.690000 1.236 0.043 0.00950 0.000 -1 1581248546.826966
106.710000 1.230 0.042 0.00910 0.000 -1 1581248546.850750
106.730000 1.224 0.042 0.00950 0.000 -1 1581248546.867062
106.750000 1.218 0.042 0.00910 0.000 -1 1581248546.889299
106.760000 1.215 0.042 0.00950 0.000 -1 1581248546.900689
106.780000 1.209 0.042 0.00910 0.000 -1 1581248546.919034
106.790000 1.206 0.042 0.00950 0.000 -1 1581248546.931478
106.810000 1.200 0.042 0.00910 0.000 -1 1581248546.949539
106.830000 1.194 0.042 0.00950 0.000 -1 1581248546.968314
106.850000 1.188 0.042 0.00910 0.000 -1 1581248546.995526
106.860000 1.185 0.042 0.00950 0.000 -1 1581248547.000760
106.870000 1.182 0.042 0.00950 0.000 -1 1581248547.006619
106.890000 1.176 0.042 0.00910 0.000 -1 1581248547.029029
106.900000 1.173 0.042 0.00950 0.000 -1 1581248547.046567
106.920000 1.167 0.042 0.00910 0.000 -1 1581248547.063227
106.930000 1.164 0.042 0.00950 0.000 -1 1581248547.069042
106.950000 1.158 0.042 0.00910 0.000 -1 1581248547.086847
106.960000 1.155 0.042 0.00910 0.000 -1 1581248547.098398
106.970000 1.152 0.042 0.00950 0.000 -1 1581248547.109214
106.990000 1.146 0.042 0.00910 0.000 -1 1581248547.126976
107.000000 1.143 0.042 0.00950 0.000 -1 1581248547.137663
107.020000 1.137 0.042 0.00950 0.000 -1 1581248547.159382
107.030000 1.134 0.042 0.00910 0.000 -1 1581248547.170181
107.040000 1.131 0.042 0.00950 0.000 -1 1581248547.175777
107.060000 1.125 0.042 0.00910 0.000 -1 1581248547.197648
107.070000 1.122 0.041 0.00950 0.000 -1 1581248547.209802
107.080000 1.119 0.041 0.00950 0.000 -1 1581248547.221213
107.100000 1.113 0.041 0.00910 0.000 -1 1581248547.239075
107.110000 1.110 0.041 0.00950 0.000 -1 1581248547.255633
107.130000 1.104 0.041 0.00910 0.000 -1 1581248547.268438
107.150000 1.098 0.041 0.00950 0.000 -1 1581248547.294106
107.170000 1.092 0.041 0.00910 0.000 -1 1581248547.305753
107.180000 1.089 0.041 0.00950 0.000 -1 1581248547.319845
107.200000 1.083 0.041 0.00910 0.000 -1 1581248547.336233
107.220000 1.077 0.041 0.00950 0.000 -1 1581248547.359922
107.240000 1.071 0.041 0.00910 0.000 -1 1581248547.376413
107.250000 1.068 0.041 0.00950 0.000 -1 1581248547.389539
107.270000 1.062 0.041 0.00910 0.000 -1 1581248547.412820
107.290000 1.056 0.041 0.00950 0.000 -1 1581248547.430234
107.310000 1.050 0.041 0.00910 0.000 -1 1581248547.448165
107.320000 1.047 0.041 0.00950 0.000 -1 1581248547.459880
107.340000 1.041 0.041 0.00910 0.000 -1 1581248547.477690
107.360000 1.035 0.041 0.00950 0.000 -1 1581248547.501300
107.380000 1.029 0.041 0.00910 0.000 -1 1581248547.517925
107.390000 1.026 0.041 0.00950 0.000 -1 1581248547.528963
107.410000 1.020 0.041 0.00910 0.000 -1 1581248547.552044
107.430000 1.014 0.040 0.00950 0.000 -1 1581248547.570082
107.450000 1.008 0.040 0.00910 0.000 -1 1581248547.587476
107.470000 1.002 0.040 0.00950 0.000 -1 1581248547.610151
107.490000 0.996 0.040 0.00910 0.000 -1 1581248547.626586
107.500000 0.993 0.040 0.00950 0.000 -1 1581248547.644772
107.520000 0.987 0.040 0.00910 0.000 -1 1581248547.656130
107.530000 0.984 0.040 0.00950 0.000 -1 1581248547.666876
107.540000 0.981 0.040 0.00950 0.000 -1 1581248547.678373
107.560000 0.975 0.040 0.00910 0.000 -1 1581248547.698081
107.570000 0.972 0.040 0.00950 0.000 -1 1581248547.710836
107.590000 0.966 0.040 0.00910 0.000 -1 1581248547.729318
107.610000 0.960 0.040 0.00950 0.000 -1 1581248547.750886
107.630000 0.954 0.040 0.00910 0.000 -1 1581248547.767833
107.640000 0.951 0.040 0.00950 0.000 -1 1581248547.780984
107.660000 0.945 0.040 0.00910 0.000 -1 1581248547.798318
107.680000 0.939 0.040 0.00950 0.000 -1 1581248547.821127
107.700000 0.933 0.040 0.00910 0.000 -1 1581248547.837959
107.710000 0.930 0.040 0.00950 0.000 -1 1581248547.848330
107.730000 0.924 0.040 0.00910 0.000 -1 1581248547.871710
107.750000 0.918 0.040 0.00950 0.000 -1 1581248547.894215
107.770000 0.912 0.040 0.00910 0.000 -1 1581248547.918968
107.780000 0.909 0.040 0.00950 0.000 -1 1581248547.924399
107.800000 0.903 0.039 0.00910 0.000 -1 1581248547.935880
107.820000 0.897 0.039 0.00950 0.000 -1 1581248547.962591
107.840000 0.891 0.039 0.00910 0.000 -1 1581248547.980817
107.850000 0.888 0.039 0.00950 0.000 -1 1581248547.986680
107.870000 0.882 0.039 0.00910 0.000 -1 1581248548.008944
107.890000 0.876 0.039 0.00950 0.000 -1 1581248548.026817
107.910000 0.870 0.039 0.00910 0.000 -1 1581248548.049728
107.920000 0.867 0.039 0.00950 0.000 -1 1581248548.062867
107.940000 0.861 0.039 0.00950 0.000 -1 1581248548.079957
107.950000 0.858 0.039 0.00910 0.000 -1 1581248548.085623
107.960000 0.855 0.039 0.00950 0.000 -1 1581248548.099358
107.980000 0.849 0.039 0.00910 0.000 -1 1581248548.117790
107.990000 0.846 0.039 0.00950 0.000 -1 1581248548.128501
108.010000 0.840 0.039 0.00950 0.000 -1 1581248548.153054
108.020000 0.837 0.039 0.00910 0.000 -1 1581248548.158962
108.030000 0.834 0.039 0.00950 0.000 -1 1581248548.170288
108.050000 0.828 0.039 0.00910 0.000 -1 1581248548.187351
108.070000 0.822 0.039 0.00950 0.000 -1 1581248548.209981
108.090000 0.816 0.039 0.00910 0.000 -1 1581248548.226025
108.100000 0.813 0.039 0.00950 0.000 -1 1581248548.238555
108.120000 0.807 0.038 0.00910 0.000 -1 1581248548.264668
108.140000 0.801 0.038 0.00950 0.000 -1 1581248548.281675
108.160000 0.795 0.038 0.00910 0.000 -1 1581248548.298186
108.170000 0.792 0.038 0.00950 0.000 -1 1581248548.309189
108.190000 0.786 0.038 0.00910 0.000 -1 1581248548.325754
108.210000 0.780 0.038 0.00950 0.000 -1 1581248548.353236
108.230000 0.774 0.038 0.00910 0.000 -1 1581248548.370889
108.240000 0.771 0.038 0.00950 0.000 -1 1581248548.376526
108.260000 0.765 0.038 0.00910 0.000 -1 1581248548.398171
108.280000 0.759 0.038 0.00950 0.000 -1 1581248548.419970
108.300000 0.753 0.038 0.00910 0.000 -1 1581248548.437812
108.310000 0.750 0.038 0.00950 0.000 -1 1581248548.449431
108.330000 0.744 0.038 0.00910 0.000 -1 1581248548.471812
108.350000 0.738 0.038 0.00950 0.000 -1 1581248548.489473
108.370000 0.732 0.038 0.00910 0.000 -1 1581248548.507334
108.380000 0.729 0.038 0.00950 0.000 -1 1581248548.518359
108.400000 0.723 0.038 0.00950 0.000 -1 1581248548.548019
108.410000 0.720 0.038 0.00910 0.000 -1 1581248548.554583
108.420000 0.717 0.038 0.00950 0.000 -1 1581248548.559928
108.440000 0.711 0.038 0.00910 0.000 -1 1581248548.578657
108.450000 0.708 0.038 0.00950 0.000 -1 1581248548.590291
108.470000 0.702 0.037 0.00950 0.000 -1 1581248548.612832
108.480000 0.699 0.037 0.00910 0.000 -1 1581248548.618674
108.490000 0.696 0.037 0.00950 0.000 -1 1581248548.631576
108.510000 0.690 0.037 0.00910 0.000 -1 1581248548.649198
108.530000 0.684 0.037 0.00950 0.000 -1 1581248548.668018
108.540000 0.681 0.037 0.00950 0.000 -1 1581248548.678548
108.550000 0.678 0.037 0.00910 0.000 -1 1581248548.690245
108.560000 0.675 0.037 0.00950 0.000 -1 1581248548.695576
108.580000 0.669 0.037 0.00910 0.000 -1 1581248548.716706
108.600000 0.663 0.037 0.00950 0.000 -1 1581248548.740436
108.610000 0.660 0.037 0.00950 0.000 -1 1581248548.746133
108.620000 0.657 0.037 0.00910 0.000 -1 1581248548.757865
108.630000 0.654 0.037 0.00950 0.000 -1 1581248548.769884
108.650000 0.648 0.037 0.00910 0.000 -1 1581248548.787339
108.670000 0.642 0.037 0.00950 0.000 -1 1581248548.805883
108.680000 0.639 0.037 0.00950 0.000 -1 1581248548.819882
108.690000 0.636 0.037 0.00910 0.000 -1 1581248548.825962
108.700000 0.633 0.037 0.00950 0.000 -1 1581248548.837719
108.720000 0.627 0.037 0.00910 0.000 -1 1581248548.860574
108.740000 0.621 0.037 0.00950 0.000 -1 1581248548.877935
108.750000 0.618 0.037 0.00950 0.000 -1 1581248548.890295
108.760000 0.615 0.037 0.00910 0.000 -1 1581248548.901482
108.770000 0.612 0.037 0.00950 0.000 -1 1581248548.908927
108.790000 0.606 0.037 0.00910 0.000 -1 1581248548.926498
108.810000 0.600 0.037 0.00950 0.000 -1 1581248548.949012
108.830000 0.594 0.036 0.00910 0.000 -1 1581248548.971846
108.840000 0.591 0.036 0.00950 0.000 -1 1581248548.977511
108.860000 0.585 0.036 0.00950 0.000 -1 1581248549.000938
108.870000 0.582 0.036 0.00910 0.000 -1 1581248549.007893
108.880000 0.579 0.036 0.00950 0.000 -1 1581248549.018872
108.900000 0.573 0.036 0.00910 0.000 -1 1581248549.039019
108.910000 0.570 0.036 0.00950 0.000 -1 1581248549.054858
108.930000 0.564 0.036 0.00950 0.000 -1 1581248549.070292
108.940000 0.561 0.036 0.00910 0.000 -1 1581248549.082582
108.950000 0.558 0.036 0.00950 0.000 -1 1581248549.094169
108.970000 0.552 0.036 0.00910 0.000 -1 1581248549.110570
108.980000 0.549 0.036 0.00910 0.000 -1 1581248549.115911
108.990000 0.546 0.036 0.00950 0.000 -1 1581248549.127403
109.000000 0.543 0.036 0.00950 0.000 -1 1581248549.140265
109.010000 0.540 0.036 0.00910 0.000 -1 1581248549.145680
109.020000 0.537 0.036 0.00950 0.000 -1 1581248549.158089
109.040000 0.531 0.036 0.00910 0.000 -1 1581248549.180867
109.050000 0.528 0.036 0.00910 0.000 -1 1581248549.188382
109.060000 0.525 0.036 0.00950 0.000 -1 1581248549.203389
109.070000 0.522 0.036 0.00950 0.000 -1 1581248549.208947
109.080000 0.519 0.036 0.00910 0.000 -1 1581248549.220741
109.090000 0.516 0.036 0.00950 0.000 -1 1581248549.232570
109.110000 0.510 0.036 0.00910 0.000 -1 1581248549.250764
109.120000 0.507 0.036 0.00910 0.000 -1 1581248549.256021
109.130000 0.504 0.036 0.00950 0.000 -1 1581248549.267628
109.140000 0.501 0.036 0.00950 0.000 -1 1581248549.279846
109.150000 0.498 0.036 0.00910 0.000 -1 1581248549.290549
109.160000 0.495 0.036 0.00950 0.000 -1 1581248549.301418
109.180000 0.489 0.036 0.00910 0.000 -1 1581248549.318818
109.190000 0.486 0.035 0.00910 0.000 -1 1581248549.330470
109.200000 0.483 0.035 0.00950 0.000 -1 1581248549.336531
109.210000 0.480 0.035 0.00950 0.000 -1 1581248549.347163
109.220000 0.477 0.035 0.00910 0.000 -1 1581248549.359111
109.230000 0.474 0.035 0.00950 0.000 -1 1581248549.369920
109.250000 0.468 0.035 0.00910 0.000 -1 1581248549.386859
109.270000 0.462 0.035 0.00870 0.000 -1 1581248549.410413
109.290000 0.457 0.035 0.00830 0.000 -1 1581248549.427444
109.310000 0.451 0.035 0.00750 0.000 -1 1581248549.450990
109.330000 0.445 0.035 0.00710 0.000 -1 1581248549.467599
109.350000 0.440 0.035 0.00590 0.000 -1 1581248549.489226
109.370000 0.435 0.035 0.00630 0.000 -1 1581248549.506755
109.390000 0.429 0.035 0.00550 0.000 -1 1581248549.529326
109.410000 0.424 0.035 0.00550 0.000 -1 1581248549.547965
109.430000 0.419 0.035 0.00550 0.000 -1 1581248549.565333
109.450000 0.414 0.035 0.00510 0.000 -1 1581248549.590131
109.470000 0.410 0.035 0.00510 0.000 -1 1581248549.607830
109.490000 0.405 0.035 0.00510 0.000 -1 1581248549.630396
109.510000 0.401 0.035 0.00510 0.000 -1 1581248549.649042
109.530000 0.396 0.035 0.00510 0.000 -1 1581248549.670379
109.550000 0.392 0.035 0.00510 0.000 -1 1581248549.690514
109.570000 0.388 0.035 0.00510 0.000 -1 1581248549.707778
109.590000 0.384 0.035 0.00510 0.000 -1 1581248549.729288
109.610000 0.380 0.035 0.00510 0.000 -1 1581248549.747227
109.630000 0.376 0.035 0.00510 0.000 -1 1581248549.770428
109.650000 0.373 0.035 0.00510 0.000 -1 1581248549.786533
109.670000 0.369 0.035 0.00510 0.000 -1 1581248549.811756
109.690000 0.366 0.035 0.00510 0.000 -1 1581248549.828902
109.710000 0.362 0.035 0.00470 0.000 -1 1581248549.844839
109.730000 0.359 0.035 0.00510 0.000 -1 1581248549.866047
109.760000 0.355 0.035 0.00510 0.000 -1 1581248549.898941
109.790000 0.351 0.035 0.00510 0.000 -1 1581248549.934969
109.820000 0.347 0.035 0.00510 0.000 -1 1581248549.959404
109.850000 0.344 0.035 0.00510 0.000 -1 1581248549.986633
109.880000 0.340 0.035 0.00510 0.000 -1 1581248550.019903
109.920000 0.336 0.035 0.00550 0.000 -1 1581248550.058656
109.960000 0.333 0.035 0.00550 0.000 -1 1581248550.099007
110.010000 0.330 0.035 0.00550 0.000 -1 1581248550.167024
110.060000 0.327 0.035 -0.00160 0.000 -1 1581248550.200036
110.070000 0.327 0.035 -0.01020 0.000 -1 1581248550.207178
110.080000 0.326 0.035 -0.01810 0.000 -1 1581248550.220845
110.090000 0.326 0.035 -0.02720 0.000 -1 1581248550.238872
110.120000 0.325 0.035 -0.03390 0.000 -1 1581248550.258859
110.140000 0.324 0.035 -0.04100 0.000 -1 1581248550.277596
110.150000 0.324 0.035 -0.04890 0.000 -1 1581248550.289251
110.160000 0.324 0.035 -0.05520 0.000 -1 1581248550.300827
110.170000 0.323 0.035 -0.06270 0.000 -1 1581248550.306084
110.190000 0.323 0.035 -0.06940 0.000 -1 1581248550.330177
110.210000 0.323 0.035 -0.07570 0.000 -1 1581248550.349166
110.230000 0.323 0.035 -0.08270 0.000 -1 1581248550.367783
110.360000 0.325 0.035 -0.08830 0.000 -1 1581248550.500253
110.430000 0.328 0.034 -0.09100 0.000 -1 1581248550.571267
110.480000 0.331 0.034 -0.09460 0.000 -1 1581248550.617016
110.530000 0.334 0.034 -0.09540 0.000 -1 1581248550.667936
110.570000 0.338 0.033 -0.09850 0.000 -1 1581248550.709243
110.600000 0.341 0.033 -0.09930 0.000 -1 1581248550.737408
110.630000 0.344 0.033 -0.10050 0.000 -1 1581248550.772904
110.660000 0.348 0.032 -0.10130 0.000 -1 1581248550.795544
110.690000 0.351 0.032 -0.10360 0.000 -1 1581248550.830603
110.720000 0.355 0.032 -0.10440 0.000 -1 1581248550.863522
110.750000 0.360 0.031 -0.10520 0.000 -1 1581248550.891550
110.780000 0.364 0.030 -0.10760 0.000 -1 1581248550.920502
110.800000 0.368 0.030 -0.10760 0.000 -1 1581248550.937772
110.820000 0.371 0.030 -0.10840 0.000 -1 1581248550.961907
110.840000 0.374 0.029 -0.10990 0.000 -1 1581248550.982669
110.860000 0.378 0.029 -0.11070 0.000 -1 1581248551.000856
110.880000 0.382 0.029 -0.11110 0.000 -1 1581248551.018961
110.900000 0.385 0.028 -0.11230 0.000 -1 1581248551.046609
110.920000 0.389 0.028 -0.11390 0.000 -1 1581248551.061689
110.940000 0.393 0.027 -0.11470 0.000 -1 1581248551.081248
110.960000 0.398 0.027 -0.11470 0.000 -1 1581248551.100241
110.980000 0.402 0.026 -0.11550 0.000 -1 1581248551.124033
111.000000 0.406 0.026 -0.11700 0.000 -1 1581248551.142440
111.020000 0.411 0.025 -0.11860 0.000 -1 1581248551.159171
111.040000 0.415 0.025 -0.11900 0.000 -1 1581248551.175719
111.060000 0.420 0.024 -0.11900 0.000 -1 1581248551.197322
111.080000 0.425 0.024 -0.12060 0.000 -1 1581248551.220888
111.100000 0.430 0.023 -0.12220 0.000 -1 1581248551.241590
111.120000 0.435 0.022 -0.12250 0.000 -1 1581248551.259054
111.140000 0.441 0.022 -0.12250 0.000 -1 1581248551.279576
111.160000 0.446 0.021 -0.12370 0.000 -1 1581248551.298118
111.180000 0.451 0.020 -0.12570 0.000 -1 1581248551.320209
111.200000 0.457 0.020 -0.12650 0.000 -1 1581248551.336909
111.220000 0.463 0.019 -0.12650 0.000 -1 1581248551.359233
111.240000 0.468 0.018 -0.12730 0.000 -1 1581248551.375283
111.250000 0.471 0.018 -0.12810 0.000 -1 1581248551.386572
111.260000 0.474 0.017 -0.12850 0.000 -1 1581248551.400289
111.270000 0.477 0.017 -0.12960 0.000 -1 1581248551.411736
111.290000 0.483 0.016 -0.13040 0.000 -1 1581248551.427869
111.300000 0.486 0.016 -0.13080 0.000 -1 1581248551.439551
111.310000 0.489 0.015 -0.12960 0.000 -1 1581248551.453176
111.330000 0.495 0.015 -0.12290 0.000 -1 1581248551.470767
111.340000 0.498 0.014 -0.11740 0.000 -1 1581248551.475992
111.350000 0.501 0.014 -0.11230 0.000 -1 1581248551.486704
111.360000 0.504 0.014 -0.10880 0.000 -1 1581248551.498248
111.380000 0.510 0.013 -0.10280 0.000 -1 1581248551.520695
111.390000 0.513 0.013 -0.10210 0.000 -1 1581248551.529510
111.400000 0.516 0.012 -0.10090 0.000 -1 1581248551.540586
111.420000 0.522 0.012 -0.10360 0.000 -1 1581248551.556953
111.430000 0.525 0.011 -0.10320 0.000 -1 1581248551.569638
111.450000 0.531 0.011 -0.10360 0.000 -1 1581248551.585726
111.460000 0.534 0.011 -0.10280 0.000 -1 1581248551.596584
111.470000 0.537 0.010 -0.10320 0.000 -1 1581248551.607881
111.490000 0.543 0.010 -0.09970 0.000 -1 1581248551.632530
111.500000 0.546 0.009 -0.09580 0.000 -1 1581248551.638115
111.510000 0.549 0.009 -0.09060 0.000 -1 1581248551.651430
111.520000 0.552 0.009 -0.08550 0.000 -1 1581248551.656831
111.530000 0.555 0.009 -0.08080 0.000 -1 1581248551.668801
111.540000 0.558 0.008 -0.07800 0.000 -1 1581248551.683377
111.550000 0.561 0.008 -0.07720 0.000 -1 1581248551.695017
111.570000 0.567 0.008 -0.08040 0.000 -1 1581248551.706053
111.590000 0.573 0.007 -0.08200 0.000 -1 1581248551.729394
111.600000 0.576 0.007 -0.08080 0.000 -1 1581248551.740132
111.610000 0.579 0.007 -0.07960 0.000 -1 1581248551.745972
111.620000 0.582 0.006 -0.07880 0.000 -1 1581248551.757751
111.630000 0.585 0.006 -0.07920 0.000 -1 1581248551.770114
111.640000 0.588 0.006 -0.08120 0.000 -1 1581248551.780702
111.650000 0.591 0.006 -0.08270 0.000 -1 1581248551.785982
111.660000 0.594 0.005 -0.08390 0.000 -1 1581248551.801881
111.680000 0.600 0.005 -0.08200 0.000 -1 1581248551.818547
111.700000 0.606 0.004 -0.07290 0.000 -1 1581248551.840541
111.710000 0.609 0.004 -0.06740 0.000 -1 1581248551.846940
111.720000 0.612 0.004 -0.06230 0.000 -1 1581248551.857802
111.730000 0.615 0.004 -0.05950 0.000 -1 1581248551.868974
111.740000 0.618 0.004 -0.05870 0.000 -1 1581248551.880442
111.750000 0.621 0.004 -0.06030 0.000 -1 1581248551.891558
111.760000 0.624 0.003 -0.06270 0.000 -1 1581248551.897149
111.770000 0.627 0.003 -0.06420 0.000 -1 1581248551.908038
111.780000 0.630 0.003 -0.06500 0.000 -1 1581248551.919706
111.790000 0.633 0.003 -0.06380 0.000 -1 1581248551.932504
111.800000 0.636 0.003 -0.06270 0.000 -1 1581248551.938172
111.810000 0.639 0.002 -0.06190 0.000 -1 1581248551.949269
111.830000 0.645 0.002 -0.06340 0.000 -1 1581248551.968670
111.840000 0.648 0.002 -0.06500 0.000 -1 1581248551.980537
111.860000 0.653 0.001 -0.06700 0.000 -1 1581248551.997452
111.870000 0.657 0.001 -0.06580 0.000 -1 1581248552.008165
111.890000 0.662 0.001 -0.05630 0.000 -1 1581248552.034388
111.900000 0.665 0.001 -0.05120 0.000 -1 1581248552.039779
111.910000 0.668 0.001 -0.04650 0.000 -1 1581248552.045018
111.920000 0.671 0.000 -0.04330 0.000 -1 1581248552.062703
111.930000 0.674 0.000 -0.04330 0.000 -1 1581248552.067927
111.940000 0.677 0.000 -0.04490 0.000 -1 1581248552.080669
111.950000 0.680 0.000 -0.04690 0.000 -1 1581248552.086400
111.960000 0.683 -0.000 -0.04890 0.000 -1 1581248552.097629
111.970000 0.686 -0.000 -0.04890 0.000 -1 1581248552.108686
111.990000 0.693 -0.001 -0.04650 0.000 -1 1581248552.126564
112.000000 0.696 -0.001 -0.04570 0.000 -1 1581248552.138074
112.010000 0.699 -0.001 -0.04650 0.000 -1 1581248552.149012
112.020000 0.702 -0.001 -0.04770 0.000 -1 1581248552.160953
112.030000 0.705 -0.001 -0.04960 0.000 -1 1581248552.166764
112.040000 0.708 -0.001 -0.05120 0.000 -1 1581248552.179868
112.060000 0.713 -0.002 -0.05080 0.000 -1 1581248552.198179
112.070000 0.717 -0.002 -0.04890 0.000 -1 1581248552.209595
112.090000 0.722 -0.002 -0.04140 0.000 -1 1581248552.225738
112.100000 0.725 -0.002 -0.03660 0.000 -1 1581248552.237543
112.110000 0.728 -0.002 -0.03150 0.000 -1 1581248552.251325
112.120000 0.732 -0.002 -0.03110 0.000 -1 1581248552.267039
112.140000 0.737 -0.003 -0.03390 0.000 -1 1581248552.277985
112.150000 0.740 -0.003 -0.03780 0.000 -1 1581248552.290060
112.160000 0.743 -0.003 -0.03820 0.000 -1 1581248552.295315
112.170000 0.746 -0.003 -0.03740 0.000 -1 1581248552.306125
112.180000 0.749 -0.003 -0.03550 0.000 -1 1581248552.320553
112.190000 0.752 -0.003 -0.03350 0.000 -1 1581248552.325817
112.200000 0.755 -0.003 -0.03350 0.000 -1 1581248552.338223
112.210000 0.758 -0.003 -0.03470 0.000 -1 1581248552.349486
112.220000 0.761 -0.003 -0.03700 0.000 -1 1581248552.360499
112.230000 0.764 -0.004 -0.03980 0.000 -1 1581248552.372788
112.240000 0.767 -0.004 -0.04020 0.000 -1 1581248552.378624
112.250000 0.770 -0.004 -0.04020 0.000 -1 1581248552.389393
112.260000 0.773 -0.004 -0.03940 0.000 -1 1581248552.401641
112.270000 0.776 -0.004 -0.03740 0.000 -1 1581248552.407203
112.280000 0.779 -0.004 -0.03510 0.000 -1 1581248552.417913
112.290000 0.782 -0.004 -0.03110 0.000 -1 1581248552.429601
112.300000 0.785 -0.004 -0.02640 0.000 -1 1581248552.440741
112.310000 0.788 -0.004 -0.02250 0.000 -1 1581248552.446254
112.320000 0.791 -0.004 -0.01810 0.000 -1 1581248552.457133
112.330000 0.794 -0.004 -0.01500 0.000 -1 1581248552.469756
112.340000 0.797 -0.004 -0.01220 0.000 -1 1581248552.481773
112.350000 0.800 -0.004 -0.00790 0.000 -1 1581248552.487383
112.360000 0.803 -0.004 -0.00470 0.000 -1 1581248552.503123
112.370000 0.806 -0.004 -0.00040 0.000 -1 1581248552.508490
112.380000 0.809 -0.004 0.00430 0.000 -1 1581248552.519269
112.390000 0.812 -0.004 0.00790 0.000 -1 1581248552.530845
112.400000 0.815 -0.004 0.01260 0.000 -1 1581248552.537955
112.410000 0.818 -0.004 0.01690 0.000 -1 1581248552.549421
112.420000 0.821 -0.004 0.01970 0.000 -1 1581248552.563155
112.430000 0.824 -0.004 0.02360 0.000 -1 1581248552.573916
112.440000 0.827 -0.004 0.02640 0.000 -1 1581248552.579917
112.450000 0.830 -0.004 0.03030 0.000 -1 1581248552.590883
112.460000 0.833 -0.004 0.03510 0.000 -1 1581248552.596462
112.470000 0.836 -0.004 0.03900 0.000 -1 1581248552.608332
112.480000 0.839 -0.004 0.04370 0.000 -1 1581248552.619432
112.490000 0.842 -0.004 0.04730 0.000 -1 1581248552.630728
112.500000 0.845 -0.004 0.05040 0.000 -1 1581248552.637739
112.520000 0.851 -0.003 0.05710 0.000 -1 1581248552.659870
112.530000 0.854 -0.003 0.06150 0.000 -1 1581248552.665543
112.540000 0.857 -0.003 0.06580 0.000 -1 1581248552.676002
112.550000 0.860 -0.003 0.06970 0.000 -1 1581248552.687943
112.570000 0.866 -0.002 0.07800 0.000 -1 1581248552.706440
112.580000 0.869 -0.002 0.08200 0.000 -1 1581248552.718225
112.590000 0.872 -0.002 0.08590 0.000 -1 1581248552.729236
112.610000 0.878 -0.001 0.09300 0.000 -1 1581248552.766449
112.620000 0.881 -0.001 0.09650 0.000 -1 1581248552.771685
112.640000 0.887 -0.000 0.10480 0.000 -1 1581248552.777092
112.660000 0.893 0.000 0.11310 0.000 -1 1581248552.800918
112.670000 0.896 0.001 0.11660 0.000 -1 1581248552.806514
112.680000 0.899 0.001 0.12060 0.000 -1 1581248552.817711
112.690000 0.902 0.002 0.12410 0.000 -1 1581248552.829025
112.710000 0.908 0.002 0.13200 0.000 -1 1581248552.851628
112.720000 0.911 0.003 0.13590 0.000 -1 1581248552.857465
112.740000 0.917 0.004 0.14340 0.000 -1 1581248552.880196
112.750000 0.920 0.004 0.14740 0.000 -1 1581248552.885970
112.770000 0.926 0.005 0.15490 0.000 -1 1581248552.909756
112.780000 0.929 0.005 0.15920 0.000 -1 1581248552.920508
112.790000 0.932 0.006 0.16270 0.000 -1 1581248552.926264
112.810000 0.938 0.007 0.17060 0.000 -1 1581248552.949835
112.820000 0.941 0.007 0.17420 0.000 -1 1581248552.960420
112.840000 0.947 0.008 0.18200 0.000 -1 1581248552.976310
112.860000 0.953 0.009 0.18990 0.000 -1 1581248552.997662
112.870000 0.956 0.010 0.19350 0.000 -1 1581248553.009639
112.890000 0.961 0.011 0.20100 0.000 -1 1581248553.027092
112.900000 0.964 0.012 0.20530 0.000 -1 1581248553.038282
112.910000 0.967 0.012 0.20880 0.000 -1 1581248553.049624
112.930000 0.973 0.014 0.21670 0.000 -1 1581248553.066144
112.950000 0.979 0.015 0.22420 0.000 -1 1581248553.088974
112.960000 0.982 0.016 0.22810 0.000 -1 1581248553.100472
112.980000 0.988 0.017 0.23600 0.000 -1 1581248553.117138
113.000000 0.994 0.018 0.24350 0.000 -1 1581248553.139250
113.010000 0.996 0.019 0.24710 0.000 -1 1581248553.150403
113.020000 0.999 0.020 0.25140 0.000 -1 1581248553.155835
113.030000 1.002 0.021 0.25530 0.000 -1 1581248553.167052
113.050000 1.008 0.022 0.26280 0.000 -1 1581248553.187755
113.060000 1.011 0.023 0.26640 0.000 -1 1581248553.201808
113.080000 1.017 0.025 0.27430 0.000 -1 1581248553.221214
113.090000 1.020 0.025 0.27820 0.000 -1 1581248553.226555
113.100000 1.022 0.026 0.28210 0.000 -1 1581248553.237928
113.110000 1.025 0.027 0.28570 0.000 -1 1581248553.249596
113.120000 1.028 0.028 0.28960 0.000 -1 1581248553.261350
113.140000 1.034 0.030 0.29710 0.000 -1 1581248553.277469
113.150000 1.037 0.031 0.30140 0.000 -1 1581248553.287982
113.160000 1.040 0.032 0.30500 0.000 -1 1581248553.298832
113.180000 1.045 0.033 0.31290 0.000 -1 1581248553.315334
113.190000 1.048 0.034 0.31640 0.000 -1 1581248553.326405
113.210000 1.054 0.036 0.32430 0.000 -1 1581248553.348670
113.230000 1.060 0.038 0.33220 0.000 -1 1581248553.372375
113.250000 1.065 0.040 0.33970 0.000 -1 1581248553.389134
113.260000 1.068 0.041 0.34320 0.000 -1 1581248553.400349
113.280000 1.074 0.043 0.35150 0.000 -1 1581248553.421343
113.290000 1.077 0.044 0.35500 0.000 -1 1581248553.433001
113.310000 1.082 0.046 0.36250 0.000 -1 1581248553.450789
113.320000 1.085 0.047 0.36650 0.000 -1 1581248553.463359
113.340000 1.091 0.049 0.37430 0.000 -1 1581248553.482737
113.360000 1.096 0.052 0.38180 0.000 -1 1581248553.499377
113.370000 1.099 0.053 0.38580 0.000 -1 1581248553.509871
113.390000 1.105 0.055 0.39360 0.000 -1 1581248553.527050
113.410000 1.110 0.057 0.40110 0.000 -1 1581248553.549279
113.430000 1.116 0.060 0.40900 0.000 -1 1581248553.572465
113.450000 1.121 0.062 0.41690 0.000 -1 1581248553.590160
113.460000 1.124 0.063 0.42040 0.000 -1 1581248553.595625
113.480000 1.129 0.066 0.42830 0.000 -1 1581248553.619978
113.500000 1.135 0.068 0.43580 0.000 -1 1581248553.637754
113.510000 1.137 0.070 0.43940 0.000 -1 1581248553.649509
113.530000 1.143 0.072 0.44760 0.000 -1 1581248553.666176
113.550000 1.148 0.075 0.45510 0.000 -1 1581248553.689050
113.570000 1.154 0.077 0.46260 0.000 -1 1581248553.713617
113.590000 1.159 0.080 0.47050 0.000 -1 1581248553.733381
113.610000 1.164 0.083 0.47800 0.000 -1 1581248553.750345
113.630000 1.170 0.086 0.48580 0.000 -1 1581248553.767555
113.640000 1.172 0.087 0.48980 0.000 -1 1581248553.778364
113.650000 1.175 0.088 0.49370 0.000 -1 1581248553.789297
113.660000 1.178 0.090 0.49730 0.000 -1 1581248553.799908
113.680000 1.183 0.093 0.50520 0.000 -1 1581248553.816192
113.690000 1.185 0.094 0.50870 0.000 -1 1581248553.827143
113.700000 1.188 0.096 0.51300 0.000 -1 1581248553.839697
113.720000 1.193 0.099 0.52050 0.000 -1 1581248553.855788
113.730000 1.196 0.100 0.52450 0.000 -1 1581248553.866583
113.740000 1.198 0.102 0.52800 0.000 -1 1581248553.880635
113.750000 1.201 0.103 0.53200 0.000 -1 1581248553.886214
113.760000 1.204 0.105 0.53590 0.000 -1 1581248553.898023
113.770000 1.206 0.106 0.53980 0.000 -1 1581248553.912753
113.790000 1.211 0.109 0.54730 0.000 -1 1581248553.930377
113.810000 1.216 0.113 0.55480 0.000 -1 1581248553.953132
113.820000 1.219 0.114 0.55910 0.000 -1 1581248553.958744
113.840000 1.224 0.117 0.56660 0.000 -1 1581248553.981521
113.860000 1.229 0.121 0.57410 0.000 -1 1581248553.998206
113.880000 1.234 0.124 0.58200 0.000 -1 1581248554.016859
113.900000 1.239 0.127 0.58990 0.000 -1 1581248554.039460
113.920000 1.244 0.131 0.59740 0.000 -1 1581248554.056430
113.930000 1.247 0.132 0.60090 0.000 -1 1581248554.067826
113.950000 1.252 0.136 0.60920 0.000 -1 1581248554.085242
113.960000 1.254 0.137 0.61270 0.000 -1 1581248554.096335
113.980000 1.259 0.141 0.62020 0.000 -1 1581248554.119035
113.990000 1.261 0.143 0.62420 0.000 -1 1581248554.132799
114.010000 1.266 0.146 0.63200 0.000 -1 1581248554.149137
114.030000 1.271 0.150 0.63950 0.000 -1 1581248554.167032
114.050000 1.276 0.153 0.64740 0.000 -1 1581248554.185698
114.060000 1.278 0.155 0.65100 0.000 -1 1581248554.198306
114.080000 1.283 0.159 0.65880 0.000 -1 1581248554.215903
114.090000 1.285 0.161 0.66280 0.000 -1 1581248554.233682
114.110000 1.290 0.164 0.67030 0.000 -1 1581248554.251436
114.130000 1.295 0.168 0.67810 0.000 -1 1581248554.268561
114.150000 1.299 0.172 0.68600 0.000 -1 1581248554.285835
114.160000 1.302 0.174 0.68960 0.000 -1 1581248554.297346
114.180000 1.306 0.177 0.69710 0.000 -1 1581248554.321994
114.190000 1.309 0.179 0.70140 0.000 -1 1581248554.328683
114.210000 1.313 0.183 0.70890 0.000 -1 1581248554.351647
114.230000 1.318 0.187 0.71640 0.000 -1 1581248554.368934
114.250000 1.322 0.191 0.72460 0.000 -1 1581248554.388549
114.260000 1.325 0.193 0.72820 0.000 -1 1581248554.401370
114.280000 1.329 0.197 0.73570 0.000 -1 1581248554.425691
114.300000 1.333 0.201 0.74360 0.000 -1 1581248554.441700
114.310000 1.336 0.203 0.74750 0.000 -1 1581248554.452519
114.330000 1.340 0.207 0.75500 0.000 -1 1581248554.469913
114.340000 1.342 0.209 0.75890 0.000 -1 1581248554.475171
114.360000 1.347 0.214 0.76640 0.000 -1 1581248554.496494
114.370000 1.349 0.216 0.77070 0.000 -1 1581248554.507703
114.380000 1.351 0.218 0.77430 0.000 -1 1581248554.532031
114.400000 1.355 0.222 0.77900 0.000 -1 1581248554.537692
114.410000 1.357 0.224 0.77700 0.000 -1 1581248554.550204
114.430000 1.361 0.228 0.77350 0.000 -1 1581248554.576912
114.440000 1.364 0.230 0.77270 0.000 -1 1581248554.582610
114.450000 1.366 0.233 0.77430 0.000 -1 1581248554.588448
114.470000 1.370 0.237 0.77660 0.000 -1 1581248554.605174
114.480000 1.372 0.239 0.77630 0.000 -1 1581248554.616027
114.500000 1.377 0.243 0.77350 0.000 -1 1581248554.638261
114.510000 1.379 0.245 0.77190 0.000 -1 1581248554.649398
114.530000 1.383 0.249 0.77110 0.000 -1 1581248554.671222
114.550000 1.387 0.254 0.77310 0.000 -1 1581248554.687665
114.560000 1.389 0.256 0.77190 0.000 -1 1581248554.699207
114.580000 1.394 0.260 0.76960 0.000 -1 1581248554.717908
114.590000 1.396 0.262 0.76840 0.000 -1 1581248554.729583
114.600000 1.398 0.264 0.76800 0.000 -1 1581248554.740589
114.620000 1.402 0.268 0.76920 0.000 -1 1581248554.758941
114.640000 1.407 0.272 0.76800 0.000 -1 1581248554.776007
114.650000 1.409 0.274 0.76760 0.000 -1 1581248554.787331
114.670000 1.413 0.279 0.76480 0.000 -1 1581248554.812865
114.690000 1.417 0.283 0.76440 0.000 -1 1581248554.832533
114.710000 1.422 0.287 0.76480 0.000 -1 1581248554.850140
114.720000 1.424 0.289 0.76290 0.000 -1 1581248554.860880
114.730000 1.426 0.291 0.75970 0.000 -1 1581248554.866887
114.740000 1.428 0.293 0.75340 0.000 -1 1581248554.877748
114.750000 1.431 0.295 0.74750 0.000 -1 1581248554.889434
114.760000 1.433 0.297 0.74200 0.000 -1 1581248554.900477
114.780000 1.437 0.301 0.73330 0.000 -1 1581248554.922780
114.790000 1.439 0.303 0.72980 0.000 -1 1581248554.935588
114.810000 1.444 0.307 0.72110 0.000 -1 1581248554.946264
114.820000 1.446 0.309 0.71600 0.000 -1 1581248554.957970
114.830000 1.448 0.311 0.71050 0.000 -1 1581248554.968743
114.840000 1.451 0.313 0.70530 0.000 -1 1581248554.980081
114.860000 1.455 0.317 0.69590 0.000 -1 1581248554.998221
114.880000 1.460 0.321 0.68760 0.000 -1 1581248555.020024
114.900000 1.464 0.325 0.67890 0.000 -1 1581248555.040387
114.910000 1.467 0.326 0.67660 0.000 -1 1581248555.052244
114.920000 1.469 0.328 0.67660 0.000 -1 1581248555.064022
114.940000 1.474 0.332 0.67810 0.000 -1 1581248555.081551
114.950000 1.476 0.334 0.67810 0.000 -1 1581248555.087250
114.970000 1.481 0.338 0.67340 0.000 -1 1581248555.110266
114.980000 1.483 0.340 0.66830 0.000 -1 1581248555.115509
114.990000 1.486 0.341 0.66200 0.000 -1 1581248555.127487
115.000000 1.488 0.343 0.65610 0.000 -1 1581248555.138969
115.010000 1.490 0.345 0.65020 0.000 -1 1581248555.150957
115.030000 1.495 0.349 0.64350 0.000 -1 1581248555.167677
115.050000 1.500 0.352 0.64150 0.000 -1 1581248555.190749
115.070000 1.505 0.356 0.64110 0.000 -1 1581248555.219096
115.080000 1.507 0.358 0.64150 0.000 -1 1581248555.225594
115.100000 1.512 0.361 0.63870 0.000 -1 1581248555.241034
115.110000 1.514 0.363 0.63600 0.000 -1 1581248555.253100
115.130000 1.519 0.366 0.62650 0.000 -1 1581248555.271087
115.140000 1.522 0.368 0.62060 0.000 -1 1581248555.282601
115.150000 1.524 0.370 0.61510 0.000 -1 1581248555.288758
115.160000 1.527 0.372 0.61120 0.000 -1 1581248555.300356
115.170000 1.529 0.373 0.60640 0.000 -1 1581248555.306357
115.180000 1.532 0.375 0.60450 0.000 -1 1581248555.317710
115.200000 1.536 0.379 0.60410 0.000 -1 1581248555.339798
115.220000 1.541 0.382 0.60600 0.000 -1 1581248555.357151
115.230000 1.544 0.384 0.60450 0.000 -1 1581248555.368850
115.240000 1.546 0.385 0.60330 0.000 -1 1581248555.380367
115.260000 1.551 0.389 0.59970 0.000 -1 1581248555.396084
115.280000 1.556 0.392 0.59970 0.000 -1 1581248555.420854
115.300000 1.561 0.396 0.60050 0.000 -1 1581248555.443835
115.320000 1.566 0.399 0.59420 0.000 -1 1581248555.461345
115.330000 1.569 0.401 0.58790 0.000 -1 1581248555.467124
115.340000 1.571 0.402 0.58120 0.000 -1 1581248555.478155
115.350000 1.574 0.404 0.57570 0.000 -1 1581248555.498517
115.370000 1.579 0.407 0.56820 0.000 -1 1581248555.509601
115.390000 1.584 0.410 0.56110 0.000 -1 1581248555.539625
115.410000 1.589 0.413 0.55050 0.000 -1 1581248555.551339
115.420000 1.591 0.415 0.54420 0.000 -1 1581248555.556654
115.430000 1.594 0.417 0.53900 0.000 -1 1581248555.568127
115.440000 1.597 0.418 0.53430 0.000 -1 1581248555.580109
115.460000 1.602 0.421 0.52680 0.000 -1 1581248555.597444
115.470000 1.604 0.423 0.52170 0.000 -1 1581248555.608288
115.480000 1.607 0.424 0.51740 0.000 -1 1581248555.619604
115.490000 1.610 0.426 0.51190 0.000 -1 1581248555.630846
115.510000 1.615 0.429 0.50200 0.000 -1 1581248555.647475
115.520000 1.617 0.430 0.49690 0.000 -1 1581248555.659724
115.540000 1.623 0.433 0.48780 0.000 -1 1581248555.675943
115.550000 1.625 0.434 0.48350 0.000 -1 1581248555.688816
115.560000 1.628 0.436 0.47880 0.000 -1 1581248555.700744
115.580000 1.633 0.438 0.46890 0.000 -1 1581248555.720352
115.600000 1.639 0.441 0.45910 0.000 -1 1581248555.737887
115.620000 1.644 0.444 0.44960 0.000 -1 1581248555.762314
115.640000 1.650 0.446 0.44050 0.000 -1 1581248555.779721
115.660000 1.655 0.449 0.43150 0.000 -1 1581248555.797399
115.680000 1.660 0.451 0.42120 0.000 -1 1581248555.820161
115.690000 1.663 0.453 0.41650 0.000 -1 1581248555.826803
115.700000 1.666 0.454 0.41100 0.000 -1 1581248555.838397
115.720000 1.671 0.456 0.40270 0.000 -1 1581248555.856191
115.740000 1.677 0.458 0.39440 0.000 -1 1581248555.879975
115.750000 1.680 0.460 0.38890 0.000 -1 1581248555.889604
115.760000 1.683 0.461 0.38380 0.000 -1 1581248555.909261
115.770000 1.685 0.462 0.37790 0.000 -1 1581248555.914540
115.780000 1.688 0.463 0.37280 0.000 -1 1581248555.919788
115.790000 1.691 0.464 0.36880 0.000 -1 1581248555.931100
115.800000 1.694 0.465 0.36450 0.000 -1 1581248555.942369
115.820000 1.699 0.467 0.35580 0.000 -1 1581248555.959945
115.840000 1.705 0.469 0.34480 0.000 -1 1581248555.978620
115.860000 1.711 0.471 0.33490 0.000 -1 1581248556.000546
115.870000 1.714 0.472 0.33060 0.000 -1 1581248556.005964
115.890000 1.719 0.474 0.32190 0.000 -1 1581248556.028924
115.900000 1.722 0.475 0.31760 0.000 -1 1581248556.040761
115.910000 1.725 0.476 0.31210 0.000 -1 1581248556.046228
115.920000 1.728 0.477 0.30660 0.000 -1 1581248556.065794
115.930000 1.731 0.478 0.30180 0.000 -1 1581248556.072746
115.940000 1.734 0.479 0.29670 0.000 -1 1581248556.078520
115.960000 1.739 0.480 0.28880 0.000 -1 1581248556.097204
115.970000 1.742 0.481 0.28450 0.000 -1 1581248556.110346
115.980000 1.745 0.482 0.27980 0.000 -1 1581248556.115927
115.990000 1.748 0.483 0.27430 0.000 -1 1581248556.127584
116.000000 1.751 0.484 0.26870 0.000 -1 1581248556.146289
116.010000 1.754 0.485 0.26360 0.000 -1 1581248556.152314
116.030000 1.759 0.486 0.25490 0.000 -1 1581248556.170151
116.050000 1.765 0.488 0.24670 0.000 -1 1581248556.187481
116.060000 1.768 0.488 0.24190 0.000 -1 1581248556.198247
116.070000 1.771 0.489 0.23640 0.000 -1 1581248556.209002
116.090000 1.777 0.490 0.22660 0.000 -1 1581248556.226677
116.110000 1.783 0.492 0.21830 0.000 -1 1581248556.249157
116.130000 1.789 0.493 0.20880 0.000 -1 1581248556.266964
116.150000 1.794 0.494 0.19900 0.000 -1 1581248556.288382
116.170000 1.800 0.495 0.18950 0.000 -1 1581248556.310140
116.180000 1.803 0.496 0.18520 0.000 -1 1581248556.321653
116.200000 1.809 0.497 0.17610 0.000 -1 1581248556.338784
116.210000 1.812 0.497 0.17100 0.000 -1 1581248556.350539
116.220000 1.815 0.498 0.16590 0.000 -1 1581248556.356003
116.240000 1.821 0.499 0.15560 0.000 -1 1581248556.379892
116.250000 1.824 0.499 0.15130 0.000 -1 1581248556.385307
116.270000 1.830 0.500 0.14220 0.000 -1 1581248556.408736
116.280000 1.833 0.501 0.13790 0.000 -1 1581248556.420521
116.290000 1.836 0.501 0.13280 0.000 -1 1581248556.425755
116.300000 1.839 0.501 0.12810 0.000 -1 1581248556.436402
116.310000 1.842 0.502 0.12250 0.000 -1 1581248556.447214
116.320000 1.845 0.502 0.11740 0.000 -1 1581248556.459976
116.330000 1.848 0.503 0.11270 0.000 -1 1581248556.473903
116.340000 1.851 0.503 0.10840 0.000 -1 1581248556.484783
116.360000 1.857 0.504 0.09970 0.000 -1 1581248556.500847
116.380000 1.863 0.504 0.08940 0.000 -1 1581248556.517635
116.390000 1.866 0.504 0.08430 0.000 -1 1581248556.529590
116.400000 1.869 0.505 0.07960 0.000 -1 1581248556.542191
116.410000 1.872 0.505 0.07530 0.000 -1 1581248556.549062
116.420000 1.875 0.505 0.07130 0.000 -1 1581248556.560195
116.430000 1.878 0.505 0.06660 0.000 -1 1581248556.565766
116.440000 1.881 0.505 0.06190 0.000 -1 1581248556.577425
116.450000 1.884 0.506 0.05630 0.000 -1 1581248556.588161
116.460000 1.887 0.506 0.05120 0.000 -1 1581248556.599121
116.480000 1.893 0.506 0.04300 0.000 -1 1581248556.615369
116.500000 1.899 0.506 0.04100 0.000 -1 1581248556.638259
116.510000 1.902 0.506 0.04220 0.000 -1 1581248556.650343
116.530000 1.908 0.507 0.04180 0.000 -1 1581248556.671123
116.540000 1.911 0.507 0.04140 0.000 -1 1581248556.676422
116.560000 1.917 0.507 0.03740 0.000 -1 1581248556.701268
116.570000 1.920 0.507 0.03700 0.000 -1 1581248556.707742
116.580000 1.923 0.507 0.03660 0.000 -1 1581248556.720155
116.590000 1.926 0.507 0.03740 0.000 -1 1581248556.727460
116.600000 1.929 0.507 0.03740 0.000 -1 1581248556.739602
116.610000 1.932 0.508 0.03660 0.000 -1 1581248556.750899
116.630000 1.938 0.508 0.03430 0.000 -1 1581248556.768105
116.640000 1.941 0.508 0.03390 0.000 -1 1581248556.780911
116.650000 1.944 0.508 0.03350 0.000 -1 1581248556.786185
116.660000 1.947 0.508 0.03350 0.000 -1 1581248556.797294
116.670000 1.950 0.508 0.03430 0.000 -1 1581248556.808818
116.680000 1.953 0.508 0.03350 0.000 -1 1581248556.820463
116.690000 1.956 0.508 0.03270 0.000 -1 1581248556.826343
116.700000 1.959 0.509 0.03190 0.000 -1 1581248556.849010
116.710000 1.962 0.509 0.03070 0.000 -1 1581248556.854828
116.720000 1.965 0.509 0.03030 0.000 -1 1581248556.860254
116.730000 1.968 0.509 0.03030 0.000 -1 1581248556.865610
116.750000 1.974 0.509 0.03070 0.000 -1 1581248556.889809
116.760000 1.977 0.509 0.02960 0.000 -1 1581248556.895399
116.770000 1.980 0.509 0.02880 0.000 -1 1581248556.906687
116.780000 1.983 0.509 0.02840 0.000 -1 1581248556.924042
116.790000 1.986 0.509 0.02720 0.000 -1 1581248556.929385
116.800000 1.989 0.509 0.02720 0.000 -1 1581248556.940270
116.810000 1.992 0.509 0.02760 0.000 -1 1581248556.946115
116.820000 1.995 0.510 0.02680 0.000 -1 1581248556.964549
116.830000 1.998 0.510 0.02640 0.000 -1 1581248556.970014
116.840000 2.001 0.510 0.02560 0.000 -1 1581248556.975475
116.850000 2.004 0.510 0.02520 0.000 -1 1581248556.993154
116.860000 2.007 0.510 0.02520 0.000 -1 1581248556.999121
116.870000 2.010 0.510 0.02400 0.000 -1 1581248557.010135
116.880000 2.013 0.510 0.02440 0.000 -1 1581248557.015735
116.890000 2.016 0.510 0.02360 0.000 -1 1581248557.027639
116.910000 2.022 0.510 0.02290 0.000 -1 1581248557.049714
116.920000 2.025 0.510 0.02210 0.000 -1 1581248557.060937
116.930000 2.028 0.510 0.02210 0.000 -1 1581248557.066594
116.940000 2.031 0.510 0.02170 0.000 -1 1581248557.077367
116.950000 2.034 0.511 0.02130 0.000 -1 1581248557.089180
116.960000 2.037 0.511 0.02130 0.000 -1 1581248557.100303
116.980000 2.043 0.511 0.01970 0.000 -1 1581248557.117590
116.990000 2.046 0.511 0.01890 0.000 -1 1581248557.129593
117.000000 2.049 0.511 0.01810 0.000 -1 1581248557.140504
117.010000 2.052 0.511 0.01850 0.000 -1 1581248557.145936
117.020000 2.055 0.511 0.01810 0.000 -1 1581248557.158026
117.040000 2.061 0.511 0.01810 0.000 -1 1581248557.185606
117.050000 2.064 0.511 0.01730 0.000 -1 1581248557.191322
117.060000 2.067 0.511 0.01650 0.000 -1 1581248557.198258
117.080000 2.073 0.511 0.01540 0.000 -1 1581248557.216841
117.090000 2.076 0.511 0.01500 0.000 -1 1581248557.229532
117.100000 2.079 0.511 0.01500 0.000 -1 1581248557.240199
117.120000 2.085 0.511 0.01460 0.000 -1 1581248557.256425
117.130000 2.088 0.511 0.01340 0.000 -1 1581248557.268841
117.150000 2.094 0.512 0.01220 0.000 -1 1581248557.286383
117.170000 2.100 0.512 0.01100 0.000 -1 1581248557.309906
117.180000 2.103 0.512 0.01140 0.000 -1 1581248557.321182
117.190000 2.106 0.512 0.01060 0.000 -1 1581248557.326642
117.200000 2.109 0.512 0.01020 0.000 -1 1581248557.344125
117.210000 2.112 0.512 0.00950 0.000 -1 1581248557.349419
117.230000 2.118 0.512 0.00910 0.000 -1 1581248557.365817
117.240000 2.121 0.512 0.00790 0.000 -1 1581248557.377543
117.250000 2.124 0.512 0.00830 0.000 -1 1581248557.388619
117.270000 2.130 0.512 0.00670 0.000 -1 1581248557.412103
117.280000 2.133 0.512 0.00630 0.000 -1 1581248557.417565
117.290000 2.136 0.512 0.00590 0.000 -1 1581248557.429435
117.310000 2.142 0.512 0.00550 0.000 -1 1581248557.446775
117.320000 2.145 0.512 0.00510 0.000 -1 1581248557.457178
117.330000 2.148 0.512 0.00430 0.000 -1 1581248557.468099
117.350000 2.154 0.512 0.00280 0.000 -1 1581248557.490221
117.360000 2.157 0.512 0.00200 0.000 -1 1581248557.501538
117.370000 2.160 0.512 0.00200 0.000 -1 1581248557.506790
117.390000 2.166 0.512 0.00200 0.000 -1 1581248557.528301
117.400000 2.169 0.512 0.00200 0.000 -1 1581248557.540193
117.420000 2.175 0.512 0.00080 0.000 -1 1581248557.557782
117.430000 2.178 0.512 -0.00040 0.000 -1 1581248557.569483
117.440000 2.181 0.512 -0.00120 0.000 -1 1581248557.581529
117.450000 2.184 0.512 -0.00080 0.000 -1 1581248557.587151
117.470000 2.190 0.512 -0.00200 0.000 -1 1581248557.609240
117.490000 2.196 0.512 -0.00240 0.000 -1 1581248557.625288
117.510000 2.202 0.512 -0.00350 0.000 -1 1581248557.650201
117.520000 2.205 0.512 -0.00390 0.000 -1 1581248557.655999
117.540000 2.211 0.512 -0.00590 0.000 -1 1581248557.678275
117.550000 2.214 0.512 -0.00550 0.000 -1 1581248557.689467
117.560000 2.217 0.512 -0.00630 0.000 -1 1581248557.701594
117.580000 2.223 0.512 -0.00670 0.000 -1 1581248557.719134
117.590000 2.226 0.512 -0.00710 0.000 -1 1581248557.730393
117.600000 2.229 0.512 -0.00710 0.000 -1 1581248557.742721
117.620000 2.235 0.512 -0.00870 0.000 -1 1581248557.763309
117.630000 2.238 0.512 -0.00950 0.000 -1 1581248557.768717
117.650000 2.244 0.512 -0.01060 0.000 -1 1581248557.787219
117.660000 2.247 0.512 -0.01100 0.000 -1 1581248557.798298
117.670000 2.250 0.512 -0.01100 0.000 -1 1581248557.809070
117.690000 2.256 0.512 -0.01180 0.000 -1 1581248557.831397
117.700000 2.259 0.512 -0.01260 0.000 -1 1581248557.836874
117.720000 2.265 0.511 -0.01380 0.000 -1 1581248557.858835
117.740000 2.271 0.511 -0.01420 0.000 -1 1581248557.875473
117.760000 2.276 0.511 -0.01420 0.000 -1 1581248557.898007
117.780000 2.281 0.511 -0.01420 0.000 -1 1581248557.923842
117.800000 2.285 0.511 -0.01420 0.000 -1 1581248557.940672
117.820000 2.290 0.511 -0.01380 0.000 -1 1581248557.958014
117.840000 2.294 0.511 -0.01380 0.000 -1 1581248557.980126
117.860000 2.298 0.511 -0.01380 0.000 -1 1581248557.996273
117.880000 2.302 0.511 -0.01380 0.000 -1 1581248558.019965
117.900000 2.306 0.511 -0.01340 0.000 -1 1581248558.037674
117.920000 2.310 0.511 -0.01340 0.000 -1 1581248558.061884
117.940000 2.314 0.511 -0.01340 0.000 -1 1581248558.079634
117.960000 2.317 0.511 -0.01340 0.000 -1 1581248558.097363
117.980000 2.321 0.511 -0.01340 0.000 -1 1581248558.120219
118.000000 2.324 0.511 -0.01340 0.000 -1 1581248558.139466
118.020000 2.327 0.511 -0.01340 0.000 -1 1581248558.157986
118.050000 2.332 0.511 -0.01300 0.000 -1 1581248558.185699
118.080000 2.336 0.510 -0.01300 0.000 -1 1581248558.220095
118.110000 2.340 0.510 -0.01340 0.000 -1 1581248558.247802
118.140000 2.343 0.510 -0.01340 0.000 -1 1581248558.278493
118.170000 2.347 0.510 -0.01340 0.000 -1 1581248558.307340
118.210000 2.350 0.510 -0.01340 0.000 -1 1581248558.347256
118.250000 2.354 0.510 -0.01340 0.000 -1 1581248558.391399
118.300000 2.357 0.510 -0.01340 0.000 -1 1581248558.443243
118.360000 2.361 0.510 -0.01460 0.000 -1 1581248558.500904
118.410000 2.364 0.510 -0.01770 0.000 -1 1581248558.550252
118.450000 2.368 0.510 -0.01890 0.000 -1 1581248558.589472
118.490000 2.372 0.510 -0.02130 0.000 -1 1581248558.629360
118.520000 2.375 0.510 -0.02290 0.000 -1 1581248558.659792
118.550000 2.379 0.510 -0.02320 0.000 -1 1581248558.686631
118.580000 2.383 0.510 -0.02480 0.000 -1 1581248558.720502
118.610000 2.387 0.510 -0.02640 0.000 -1 1581248558.752971
118.640000 2.391 0.509 -0.02760 0.000 -1 1581248558.779297
118.660000 2.394 0.509 -0.02840 0.000 -1 1581248558.796092
118.680000 2.398 0.509 -0.02960 0.000 -1 1581248558.818938
118.700000 2.401 0.509 -0.03070 0.000 -1 1581248558.842201
118.720000 2.404 0.509 -0.03110 0.000 -1 1581248558.860783
118.740000 2.408 0.509 -0.03150 0.000 -1 1581248558.877336
118.760000 2.412 0.509 -0.03270 0.000 -1 1581248558.900843
118.780000 2.415 0.509 -0.03430 0.000 -1 1581248558.919943
118.800000 2.419 0.509 -0.03430 0.000 -1 1581248558.936657
118.820000 2.423 0.508 -0.03430 0.000 -1 1581248558.959278
118.840000 2.427 0.508 -0.03590 0.000 -1 1581248558.975366
118.860000 2.432 0.508 -0.03740 0.000 -1 1581248558.997052
118.880000 2.436 0.508 -0.03820 0.000 -1 1581248559.020677
118.900000 2.440 0.508 -0.03820 0.000 -1 1581248559.036741
118.920000 2.445 0.508 -0.03900 0.000 -1 1581248559.062763
118.940000 2.450 0.507 -0.04060 0.000 -1 1581248559.082223
118.960000 2.454 0.507 -0.04180 0.000 -1 1581248559.102512
118.980000 2.459 0.507 -0.04180 0.000 -1 1581248559.119691
119.000000 2.465 0.507 -0.04220 0.000 -1 1581248559.147859
119.020000 2.470 0.507 -0.04370 0.000 -1 1581248559.159125
119.040000 2.475 0.506 -0.04490 0.000 -1 1581248559.177603
119.060000 2.481 0.506 -0.04530 0.000 -1 1581248559.200461
119.080000 2.486 0.506 -0.04610 0.000 -1 1581248559.217425
119.100000 2.492 0.506 -0.04770 0.000 -1 1581248559.240021
119.120000 2.498 0.505 -0.04850 0.000 -1 1581248559.256743
119.130000 2.501 0.505 -0.04810 0.000 -1 1581248559.268423
119.140000 2.504 0.505 -0.04850 0.000 -1 1581248559.280402
119.160000 2.510 0.505 -0.04930 0.000 -1 1581248559.297766
119.170000 2.513 0.505 -0.05000 0.000 -1 1581248559.309885
119.180000 2.516 0.504 -0.05080 0.000 -1 1581248559.315231
119.200000 2.522 0.504 -0.05120 0.000 -1 1581248559.337057
119.210000 2.525 0.504 -0.05160 0.000 -1 1581248559.347743
119.230000 2.531 0.504 -0.05200 0.000 -1 1581248559.370641
119.240000 2.534 0.503 -0.05280 0.000 -1 1581248559.376152
119.250000 2.537 0.503 -0.05400 0.000 -1 1581248559.393036
119.260000 2.540 0.503 -0.05480 0.000 -1 1581248559.404842
119.270000 2.543 0.503 -0.05520 0.000 -1 1581248559.417633
119.280000 2.546 0.503 -0.05520 0.000 -1 1581248559.423717
119.290000 2.549 0.503 -0.05560 0.000 -1 1581248559.429242
119.300000 2.552 0.503 -0.05520 0.000 -1 1581248559.440043
119.310000 2.555 0.502 -0.05600 0.000 -1 1581248559.452137
119.320000 2.558 0.502 -0.05710 0.000 -1 1581248559.457636
119.330000 2.561 0.502 -0.05750 0.000 -1 1581248559.468602
119.340000 2.564 0.502 -0.05830 0.000 -1 1581248559.480340
119.360000 2.570 0.501 -0.05870 0.000 -1 1581248559.496745
119.370000 2.573 0.501 -0.05910 0.000 -1 1581248559.508517
119.390000 2.579 0.501 -0.05990 0.000 -1 1581248559.531104
119.400000 2.582 0.501 -0.06070 0.000 -1 1581248559.537080
119.420000 2.588 0.500 -0.05750 0.000 -1 1581248559.558568
119.430000 2.591 0.500 -0.05320 0.000 -1 1581248559.569861
119.440000 2.594 0.500 -0.04770 0.000 -1 1581248559.575171
119.450000 2.597 0.500 -0.04260 0.000 -1 1581248559.585596
119.460000 2.600 0.500 -0.03740 0.000 -1 1581248559.596400
119.470000 2.603 0.500 -0.03590 0.000 -1 1581248559.606823
119.480000 2.606 0.500 -0.03780 0.000 -1 1581248559.619908
119.490000 2.609 0.499 -0.03980 0.000 -1 1581248559.626148
119.500000 2.612 0.499 -0.04300 0.000 -1 1581248559.637364
119.510000 2.615 0.499 -0.04370 0.000 -1 1581248559.648278
119.520000 2.618 0.499 -0.04260 0.000 -1 1581248559.660118
119.530000 2.621 0.499 -0.04060 0.000 -1 1581248559.665470
119.540000 2.624 0.499 -0.03820 0.000 -1 1581248559.676419
119.550000 2.627 0.499 -0.03860 0.000 -1 1581248559.688065
119.560000 2.630 0.499 -0.03980 0.000 -1 1581248559.699574
119.570000 2.633 0.499 -0.04220 0.000 -1 1581248559.710164
119.580000 2.636 0.498 -0.04450 0.000 -1 1581248559.715387
119.590000 2.639 0.498 -0.04530 0.000 -1 1581248559.728133
119.600000 2.642 0.498 -0.04530 0.000 -1 1581248559.739972
119.610000 2.645 0.498 -0.04450 0.000 -1 1581248559.753026
119.630000 2.651 0.498 -0.04370 0.000 -1 1581248559.772107
119.640000 2.654 0.498 -0.04300 0.000 -1 1581248559.779211
119.660000 2.660 0.497 -0.04490 0.000 -1 1581248559.795479
119.670000 2.663 0.497 -0.04300 0.000 -1 1581248559.806364
119.680000 2.666 0.497 -0.03980 0.000 -1 1581248559.819123
119.690000 2.669 0.497 -0.03470 0.000 -1 1581248559.832684
119.700000 2.671 0.497 -0.02840 0.000 -1 1581248559.838850
119.710000 2.675 0.497 -0.02400 0.000 -1 1581248559.849953
119.730000 2.681 0.497 -0.02360 0.000 -1 1581248559.866182
119.750000 2.687 0.496 -0.03030 0.000 -1 1581248559.887815
119.760000 2.690 0.496 -0.03150 0.000 -1 1581248559.899034
119.780000 2.696 0.496 -0.02760 0.000 -1 1581248559.919215
119.790000 2.699 0.496 -0.02600 0.000 -1 1581248559.934013
119.800000 2.702 0.496 -0.02520 0.000 -1 1581248559.940650
119.820000 2.708 0.496 -0.02960 0.000 -1 1581248559.960330
119.830000 2.711 0.496 -0.03150 0.000 -1 1581248559.966071
119.850000 2.716 0.496 -0.03230 0.000 -1 1581248559.988664
119.860000 2.720 0.496 -0.03070 0.000 -1 1581248560.000414
119.880000 2.725 0.495 -0.02920 0.000 -1 1581248560.017037
119.890000 2.728 0.495 -0.03030 0.000 -1 1581248560.028239
119.900000 2.732 0.495 -0.03310 0.000 -1 1581248560.040086
119.920000 2.737 0.495 -0.03590 0.000 -1 1581248560.057326
119.930000 2.740 0.495 -0.03590 0.000 -1 1581248560.069001
119.940000 2.744 0.495 -0.03390 0.000 -1 1581248560.081123
119.950000 2.747 0.495 -0.03070 0.000 -1 1581248560.087019
119.960000 2.749 0.495 -0.02560 0.000 -1 1581248560.098405
119.970000 2.752 0.494 -0.02010 0.000 -1 1581248560.109964
119.980000 2.756 0.494 -0.01580 0.000 -1 1581248560.115224
119.990000 2.759 0.494 -0.01220 0.000 -1 1581248560.126228
120.010000 2.764 0.494 -0.00320 0.000 -1 1581248560.149741
120.020000 2.768 0.494 0.00320 0.000 -1 1581248560.155283
120.030000 2.771 0.494 0.00990 0.000 -1 1581248560.167453
120.040000 2.773 0.494 0.01690 0.000 -1 1581248560.179528
120.050000 2.776 0.494 0.02290 0.000 -1 1581248560.190511
120.070000 2.781 0.495 0.02130 0.000 -1 1581248560.211808
120.090000 2.786 0.495 0.01730 0.000 -1 1581248560.228509
120.110000 2.790 0.495 0.01340 0.000 -1 1581248560.250556
120.130000 2.795 0.495 0.01060 0.000 -1 1581248560.267124
120.150000 2.799 0.495 0.00790 0.000 -1 1581248560.290205
120.170000 2.803 0.495 0.00550 0.000 -1 1581248560.306380
120.190000 2.807 0.495 0.00390 0.000 -1 1581248560.328988
120.210000 2.811 0.495 0.00240 0.000 -1 1581248560.345520
120.230000 2.814 0.495 0.00160 0.000 -1 1581248560.369203
120.250000 2.818 0.495 -0.00000 0.000 -1 1581248560.391542
120.270000 2.821 0.495 -0.00080 0.000 -1 1581248560.407600
120.290000 2.825 0.495 -0.00120 0.000 -1 1581248560.431152
120.310000 2.828 0.495 -0.00160 0.000 -1 1581248560.450533
120.330000 2.831 0.495 -0.00160 0.000 -1 1581248560.469008
120.350000 2.834 0.495 -0.00200 0.000 -1 1581248560.490976
120.380000 2.838 0.495 -0.00240 0.000 -1 1581248560.519037
120.410000 2.842 0.495 -0.00280 0.000 -1 1581248560.552710
120.440000 2.846 0.495 -0.00280 0.000 -1 1581248560.580575
120.470000 2.849 0.495 -0.00280 0.000 -1 1581248560.609333
120.500000 2.852 0.495 -0.00320 0.000 -1 1581248560.637631
120.540000 2.856 0.495 -0.00320 0.000 -1 1581248560.676960
120.580000 2.859 0.495 -0.00320 0.000 -1 1581248560.719208
120.630000 2.862 0.495 -0.00350 0.000 -1 1581248560.769340
120.680000 2.865 0.495 -0.00630 0.000 -1 1581248560.820726
120.720000 2.868 0.495 -0.00790 0.000 -1 1581248560.868085
120.760000 2.872 0.495 -0.00910 0.000 -1 1581248560.900862
120.790000 2.875 0.495 -0.01060 0.000 -1 1581248560.927866
120.820000 2.878 0.495 -0.01140 0.000 -1 1581248560.959193
120.850000 2.882 0.495 -0.01340 0.000 -1 1581248560.987997
120.880000 2.885 0.495 -0.01420 0.000 -1 1581248561.018056
120.910000 2.889 0.494 -0.01580 0.000 -1 1581248561.046403
120.940000 2.894 0.494 -0.01650 0.000 -1 1581248561.078793
120.960000 2.897 0.494 -0.01730 0.000 -1 1581248561.095446
120.980000 2.900 0.494 -0.01930 0.000 -1 1581248561.118973
121.000000 2.903 0.494 -0.02010 0.000 -1 1581248561.135575
121.020000 2.907 0.494 -0.01970 0.000 -1 1581248561.158048
121.040000 2.910 0.494 -0.02050 0.000 -1 1581248561.179731
121.060000 2.914 0.494 -0.02290 0.000 -1 1581248561.195529
121.080000 2.918 0.494 -0.02360 0.000 -1 1581248561.219036
121.100000 2.922 0.494 -0.02320 0.000 -1 1581248561.241470
121.120000 2.926 0.494 -0.02400 0.000 -1 1581248561.266094
121.140000 2.930 0.494 -0.02600 0.000 -1 1581248561.278004
121.160000 2.934 0.494 -0.02680 0.000 -1 1581248561.299615
121.180000 2.938 0.493 -0.02560 0.000 -1 1581248561.316008
121.200000 2.943 0.493 -0.01850 0.000 -1 1581248561.337375
121.210000 2.945 0.493 -0.01260 0.000 -1 1581248561.348315
121.230000 2.950 0.493 -0.00670 0.000 -1 1581248561.370453
121.250000 2.955 0.493 -0.01100 0.000 -1 1581248561.387598
121.270000 2.959 0.493 -0.01540 0.000 -1 1581248561.409319
121.290000 2.965 0.493 -0.01260 0.000 -1 1581248561.426387
121.310000 2.970 0.493 -0.01020 0.000 -1 1581248561.449210
121.330000 2.975 0.493 -0.01380 0.000 -1 1581248561.465917
121.350000 2.980 0.493 -0.01690 0.000 -1 1581248561.487681
121.370000 2.986 0.493 -0.01580 0.000 -1 1581248561.510952
121.390000 2.991 0.493 -0.01460 0.000 -1 1581248561.528958
121.410000 2.997 0.493 -0.01690 0.000 -1 1581248561.553384
121.430000 3.003 0.492 -0.01890 0.000 -1 1581248561.569956
121.440000 3.006 0.492 -0.01890 0.000 -1 1581248561.575141
121.450000 3.009 0.492 -0.01850 0.000 -1 1581248561.586399
121.460000 3.012 0.492 -0.01850 0.000 -1 1581248561.599177
121.470000 3.015 0.492 -0.01810 0.000 -1 1581248561.610332
121.480000 3.018 0.492 -0.01930 0.000 -1 1581248561.615896
121.490000 3.021 0.492 -0.02010 0.000 -1 1581248561.627978
121.500000 3.024 0.492 -0.02050 0.000 -1 1581248561.645202
121.510000 3.027 0.492 -0.02130 0.000 -1 1581248561.650403
121.520000 3.030 0.492 -0.02010 0.000 -1 1581248561.656030
121.530000 3.033 0.492 -0.01690 0.000 -1 1581248561.666763
121.550000 3.039 0.492 -0.00670 0.000 -1 1581248561.688435
121.560000 3.042 0.492 -0.00200 0.000 -1 1581248561.701353
121.570000 3.045 0.492 -0.00080 0.000 -1 1581248561.707271
121.590000 3.051 0.492 -0.00510 0.000 -1 1581248561.729461
121.600000 3.054 0.492 -0.00830 0.000 -1 1581248561.740746
121.610000 3.057 0.492 -0.00950 0.000 -1 1581248561.753195
121.630000 3.063 0.492 -0.00670 0.000 -1 1581248561.770049
121.640000 3.066 0.492 -0.00470 0.000 -1 1581248561.775470
121.650000 3.069 0.492 -0.00470 0.000 -1 1581248561.787273
121.670000 3.075 0.492 -0.00750 0.000 -1 1581248561.806941
121.690000 3.081 0.492 -0.01060 0.000 -1 1581248561.832147
121.710000 3.087 0.492 -0.00990 0.000 -1 1581248561.851227
121.720000 3.090 0.491 -0.00950 0.000 -1 1581248561.862619
121.730000 3.093 0.491 -0.00910 0.000 -1 1581248561.867874
121.750000 3.099 0.491 -0.01140 0.000 -1 1581248561.889731
121.760000 3.102 0.491 -0.01220 0.000 -1 1581248561.895147
121.770000 3.105 0.491 -0.01300 0.000 -1 1581248561.907013
121.780000 3.108 0.491 -0.01300 0.000 -1 1581248561.918006
121.790000 3.111 0.491 -0.01260 0.000 -1 1581248561.928846
121.800000 3.114 0.491 -0.01220 0.000 -1 1581248561.940304
121.810000 3.117 0.491 -0.01220 0.000 -1 1581248561.946069
121.830000 3.123 0.491 -0.01380 0.000 -1 1581248561.968616
121.840000 3.126 0.491 -0.01460 0.000 -1 1581248561.979945
121.850000 3.129 0.491 -0.01540 0.000 -1 1581248561.985258
121.860000 3.132 0.491 -0.01500 0.000 -1 1581248561.997050
121.870000 3.135 0.491 -0.01540 0.000 -1 1581248562.008326
121.880000 3.138 0.491 -0.01460 0.000 -1 1581248562.019042
121.900000 3.144 0.491 -0.00790 0.000 -1 1581248562.040483
121.910000 3.147 0.491 -0.00200 0.000 -1 1581248562.046904
121.920000 3.150 0.491 0.00320 0.000 -1 1581248562.061759
121.940000 3.156 0.491 0.00390 0.000 -1 1581248562.078313
121.950000 3.159 0.491 0.00040 0.000 -1 1581248562.090370
121.960000 3.162 0.491 -0.00390 0.000 -1 1581248562.104005
121.980000 3.168 0.491 -0.00350 0.000 -1 1581248562.122212
121.990000 3.171 0.491 -0.00160 0.000 -1 1581248562.128247
122.000000 3.174 0.491 0.00160 0.000 -1 1581248562.141113
122.020000 3.180 0.491 0.00040 0.000 -1 1581248562.163919
122.030000 3.183 0.491 -0.00240 0.000 -1 1581248562.169175
122.040000 3.186 0.491 -0.00550 0.000 -1 1581248562.181152
122.060000 3.192 0.491 -0.00590 0.000 -1 1581248562.197892
122.070000 3.195 0.491 -0.00470 0.000 -1 1581248562.209837
122.080000 3.198 0.491 -0.00320 0.000 -1 1581248562.218665
122.100000 3.204 0.491 -0.00470 0.000 -1 1581248562.235461
122.110000 3.207 0.491 -0.00630 0.000 -1 1581248562.247196
122.120000 3.210 0.491 -0.00830 0.000 -1 1581248562.259167
122.140000 3.216 0.491 -0.00950 0.000 -1 1581248562.279411
122.150000 3.219 0.491 -0.00830 0.000 -1 1581248562.292019
122.160000 3.222 0.491 -0.00750 0.000 -1 1581248562.297894
122.180000 3.228 0.490 -0.00870 0.000 -1 1581248562.316712
122.190000 3.231 0.490 -0.00990 0.000 -1 1581248562.327373
122.200000 3.234 0.490 -0.01140 0.000 -1 1581248562.339938
122.220000 3.240 0.490 -0.01220 0.000 -1 1581248562.366445
122.230000 3.243 0.490 -0.01220 0.000 -1 1581248562.371863
122.240000 3.246 0.490 -0.01060 0.000 -1 1581248562.377507
122.260000 3.252 0.490 -0.00350 0.000 -1 1581248562.401800
122.270000 3.255 0.490 0.00160 0.000 -1 1581248562.409880
122.280000 3.258 0.490 0.00390 0.000 -1 1581248562.415810
122.300000 3.264 0.490 0.00160 0.000 -1 1581248562.445894
122.310000 3.267 0.490 -0.00080 0.000 -1 1581248562.451802
122.330000 3.273 0.490 0.00160 0.000 -1 1581248562.468738
122.350000 3.278 0.490 0.00200 0.000 -1 1581248562.493171
122.370000 3.282 0.490 0.00240 0.000 -1 1581248562.511159
122.390000 3.287 0.490 0.00320 0.000 -1 1581248562.527639
122.410000 3.291 0.490 0.00280 0.000 -1 1581248562.549898
122.430000 3.295 0.490 0.00280 0.000 -1 1581248562.567570
122.450000 3.300 0.490 0.00320 0.000 -1 1581248562.587277
122.470000 3.304 0.490 0.00320 0.000 -1 1581248562.608576
122.490000 3.307 0.490 0.00350 0.000 -1 1581248562.625200
122.510000 3.311 0.490 0.00350 0.000 -1 1581248562.647988
122.530000 3.315 0.490 0.00350 0.000 -1 1581248562.669828
122.550000 3.318 0.490 0.00350 0.000 -1 1581248562.686493
122.570000 3.322 0.490 0.00350 0.000 -1 1581248562.709941
122.590000 3.325 0.490 0.00350 0.000 -1 1581248562.727202
122.610000 3.328 0.490 0.00350 0.000 -1 1581248562.748715
122.630000 3.331 0.490 0.00350 0.000 -1 1581248562.771619
122.660000 3.335 0.490 0.00350 0.000 -1 1581248562.795841
122.690000 3.339 0.490 0.00350 0.000 -1 1581248562.830739
122.720000 3.343 0.490 0.00320 0.000 -1 1581248562.858513
122.750000 3.346 0.490 0.00280 0.000 -1 1581248562.887074
122.780000 3.349 0.491 0.00280 0.000 -1 1581248562.918447
122.820000 3.353 0.491 0.00320 0.000 -1 1581248562.965745
122.860000 3.356 0.491 0.00350 0.000 -1 1581248562.998119
122.920000 3.359 0.491 0.00320 0.000 -1 1581248563.067047
122.970000 3.362 0.491 -0.00000 0.000 -1 1581248563.105693
123.010000 3.365 0.491 -0.00160 0.000 -1 1581248563.150254
123.050000 3.369 0.491 -0.00350 0.000 -1 1581248563.189445
123.080000 3.372 0.491 -0.00430 0.000 -1 1581248563.220994
123.110000 3.376 0.491 -0.00550 0.000 -1 1581248563.249380
123.140000 3.379 0.490 -0.00710 0.000 -1 1581248563.276841
123.170000 3.383 0.490 -0.00710 0.000 -1 1581248563.312156
123.200000 3.388 0.490 -0.00950 0.000 -1 1581248563.341497
123.230000 3.392 0.490 -0.01100 0.000 -1 1581248563.370000
123.250000 3.395 0.490 -0.01100 0.000 -1 1581248563.389464
123.270000 3.398 0.490 -0.01100 0.000 -1 1581248563.407518
123.290000 3.402 0.490 -0.00510 0.000 -1 1581248563.431046
123.300000 3.403 0.490 0.00080 0.000 -1 1581248563.438072
123.320000 3.407 0.490 0.00790 0.000 -1 1581248563.463500
123.340000 3.410 0.490 0.00390 0.000 -1 1581248563.480621
123.360000 3.414 0.490 -0.00120 0.000 -1 1581248563.501312
123.380000 3.418 0.490 0.00200 0.000 -1 1581248563.519067
123.400000 3.422 0.490 0.00470 0.000 -1 1581248563.537092
123.420000 3.426 0.490 0.00120 0.000 -1 1581248563.559548
123.440000 3.431 0.490 -0.00200 0.000 -1 1581248563.577054
123.460000 3.435 0.490 -0.00120 0.000 -1 1581248563.598938
123.480000 3.440 0.490 -0.00040 0.000 -1 1581248563.615321
123.500000 3.444 0.490 -0.00280 0.000 -1 1581248563.638600
123.520000 3.449 0.490 -0.00470 0.000 -1 1581248563.660432
123.540000 3.454 0.490 -0.00390 0.000 -1 1581248563.680407
123.560000 3.459 0.490 -0.00390 0.000 -1 1581248563.702553
123.580000 3.464 0.490 -0.00590 0.000 -1 1581248563.720194
123.600000 3.469 0.490 -0.00710 0.000 -1 1581248563.736927
123.620000 3.475 0.490 -0.00710 0.000 -1 1581248563.759430
123.640000 3.480 0.490 -0.00750 0.000 -1 1581248563.782262
123.660000 3.486 0.490 -0.00910 0.000 -1 1581248563.800915
123.680000 3.492 0.490 -0.01020 0.000 -1 1581248563.821034
123.700000 3.497 0.490 -0.00990 0.000 -1 1581248563.844016
123.720000 3.503 0.490 -0.00630 0.000 -1 1581248563.867602
123.730000 3.506 0.490 -0.00280 0.000 -1 1581248563.873272
123.750000 3.512 0.490 0.00430 0.000 -1 1581248563.892127
123.770000 3.518 0.490 0.00200 0.000 -1 1581248563.910166
123.780000 3.521 0.490 -0.00080 0.000 -1 1581248563.915446
123.790000 3.524 0.490 -0.00280 0.000 -1 1581248563.927583
123.810000 3.530 0.490 -0.00120 0.000 -1 1581248563.949781
123.820000 3.533 0.490 0.00080 0.000 -1 1581248563.961015
123.830000 3.536 0.490 0.00120 0.000 -1 1581248563.967585
123.850000 3.542 0.490 -0.00080 0.000 -1 1581248563.991316
123.860000 3.545 0.490 -0.00320 0.000 -1 1581248564.000091
123.870000 3.548 0.490 -0.00430 0.000 -1 1581248564.007722
123.880000 3.551 0.490 -0.00430 0.000 -1 1581248564.019375
123.890000 3.554 0.490 -0.00390 0.000 -1 1581248564.033884
123.900000 3.557 0.490 -0.00350 0.000 -1 1581248564.039219
123.920000 3.563 0.490 -0.00390 0.000 -1 1581248564.066394
123.930000 3.566 0.490 -0.00470 0.000 -1 1581248564.072345
123.940000 3.569 0.490 -0.00590 0.000 -1 1581248564.077937
123.950000 3.572 0.490 -0.00630 0.000 -1 1581248564.089078
123.960000 3.575 0.490 -0.00710 0.000 -1 1581248564.100823
123.980000 3.581 0.490 -0.00750 0.000 -1 1581248564.117847
124.000000 3.587 0.490 -0.00790 0.000 -1 1581248564.140492
124.010000 3.590 0.490 -0.00910 0.000 -1 1581248564.145899
124.020000 3.593 0.490 -0.00950 0.000 -1 1581248564.158807
124.040000 3.599 0.490 -0.00950 0.000 -1 1581248564.175239
124.050000 3.602 0.490 -0.00670 0.000 -1 1581248564.185913
124.070000 3.608 0.490 0.00350 0.000 -1 1581248564.209470
124.080000 3.611 0.490 0.00910 0.000 -1 1581248564.220610
124.090000 3.614 0.490 0.01140 0.000 -1 1581248564.226356
124.100000 3.617 0.490 0.00950 0.000 -1 1581248564.239140
124.120000 3.623 0.490 0.00280 0.000 -1 1581248564.260470
124.140000 3.629 0.490 0.00280 0.000 -1 1581248564.282438
124.160000 3.635 0.490 0.00670 0.000 -1 1581248564.300346
124.170000 3.638 0.490 0.00710 0.000 -1 1581248564.306302
124.180000 3.641 0.490 0.00590 0.000 -1 1581248564.322535
124.200000 3.647 0.490 0.00200 0.000 -1 1581248564.340360
124.210000 3.650 0.490 0.00160 0.000 -1 1581248564.347873
124.220000 3.653 0.490 0.00120 0.000 -1 1581248564.360123
124.240000 3.659 0.490 0.00280 0.000 -1 1581248564.376917
124.250000 3.662 0.490 0.00200 0.000 -1 1581248564.388097
124.270000 3.668 0.490 -0.00040 0.000 -1 1581248564.406829
124.280000 3.671 0.490 -0.00160 0.000 -1 1581248564.418544
124.290000 3.674 0.490 -0.00200 0.000 -1 1581248564.429315
124.310000 3.680 0.490 -0.00080 0.000 -1 1581248564.446085
124.320000 3.683 0.490 -0.00120 0.000 -1 1581248564.457771
124.330000 3.686 0.490 -0.00200 0.000 -1 1581248564.469940
124.350000 3.692 0.490 -0.00390 0.000 -1 1581248564.491516
124.360000 3.695 0.490 -0.00510 0.000 -1 1581248564.497979
124.370000 3.698 0.490 -0.00510 0.000 -1 1581248564.508992
124.390000 3.704 0.490 -0.00470 0.000 -1 1581248564.532296
124.400000 3.707 0.490 -0.00510 0.000 -1 1581248564.537612
124.410000 3.710 0.490 -0.00590 0.000 -1 1581248564.548819
124.430000 3.716 0.490 -0.00710 0.000 -1 1581248564.579473
124.440000 3.719 0.490 -0.00830 0.000 -1 1581248564.587468
124.450000 3.722 0.490 -0.00790 0.000 -1 1581248564.593125
124.470000 3.728 0.490 -0.00910 0.000 -1 1581248564.611058
124.480000 3.731 0.490 -0.00710 0.000 -1 1581248564.621963
124.490000 3.734 0.489 -0.00550 0.000 -1 1581248564.627572
124.510000 3.740 0.489 0.00430 0.000 -1 1581248564.650115
124.530000 3.746 0.490 0.01100 0.000 -1 1581248564.667697
124.550000 3.752 0.490 0.00670 0.000 -1 1581248564.691126
124.570000 3.758 0.490 0.00200 0.000 -1 1581248564.708111
124.590000 3.764 0.490 0.00510 0.000 -1 1581248564.730381
124.600000 3.767 0.490 0.00630 0.000 -1 1581248564.738345
124.610000 3.770 0.490 0.00830 0.000 -1 1581248564.749147
124.630000 3.776 0.490 0.00710 0.000 -1 1581248564.765565
124.650000 3.780 0.490 0.00630 0.000 -1 1581248564.790482
124.670000 3.785 0.490 0.00630 0.000 -1 1581248564.814587
124.690000 3.789 0.490 0.00590 0.000 -1 1581248564.826010
124.710000 3.793 0.490 0.00510 0.000 -1 1581248564.849348
124.730000 3.797 0.490 0.00470 0.000 -1 1581248564.865567
124.750000 3.801 0.490 0.00430 0.000 -1 1581248564.889226
124.770000 3.805 0.490 0.00390 0.000 -1 1581248564.907705
124.790000 3.809 0.490 0.00390 0.000 -1 1581248564.931948
124.810000 3.813 0.490 0.00350 0.000 -1 1581248564.948423
124.830000 3.816 0.490 0.00350 0.000 -1 1581248564.971333
124.850000 3.820 0.490 0.00350 0.000 -1 1581248564.988013
124.870000 3.823 0.490 0.00350 0.000 -1 1581248565.010045
124.890000 3.826 0.490 0.00350 0.000 -1 1581248565.026024
124.910000 3.829 0.490 0.00320 0.000 -1 1581248565.047911
124.940000 3.834 0.490 0.00280 0.000 -1 1581248565.079358
124.970000 3.837 0.490 0.00240 0.000 -1 1581248565.106661
125.000000 3.841 0.490 0.00240 0.000 -1 1581248565.138042
125.030000 3.845 0.490 0.00280 0.000 -1 1581248565.170762
125.060000 3.848 0.490 0.00240 0.000 -1 1581248565.199350
125.100000 3.852 0.490 0.00240 0.000 -1 1581248565.240617
125.140000 3.855 0.490 0.00280 0.000 -1 1581248565.276175
125.190000 3.858 0.490 0.00280 0.000 -1 1581248565.333344
125.230000 3.859 0.490 0.01220 0.000 -1 1581248565.369272
125.240000 3.859 0.490 0.01770 0.000 -1 1581248565.380928
125.250000 3.859 0.490 0.02320 0.000 -1 1581248565.387873
125.260000 3.859 0.490 0.02960 0.000 -1 1581248565.399874
125.270000 3.859 0.490 0.03550 0.000 -1 1581248565.410929
125.280000 3.859 0.490 0.04140 0.000 -1 1581248565.423262
125.290000 3.859 0.490 0.04850 0.000 -1 1581248565.429045
125.300000 3.859 0.490 0.05560 0.000 -1 1581248565.445658
125.310000 3.859 0.490 0.06270 0.000 -1 1581248565.451729
125.320000 3.859 0.490 0.06940 0.000 -1 1581248565.457434
125.330000 3.859 0.490 0.07680 0.000 -1 1581248565.469545
125.340000 3.859 0.490 0.08470 0.000 -1 1581248565.483136
125.350000 3.859 0.490 0.09260 0.000 -1 1581248565.488756
125.360000 3.859 0.490 0.10090 0.000 -1 1581248565.503519
125.370000 3.859 0.490 0.10910 0.000 -1 1581248565.509323
125.380000 3.859 0.490 0.11780 0.000 -1 1581248565.520712
125.390000 3.859 0.490 0.12730 0.000 -1 1581248565.526968
125.400000 3.859 0.490 0.13590 0.000 -1 1581248565.540987
125.410000 3.859 0.490 0.14540 0.000 -1 1581248565.546533
125.420000 3.859 0.490 0.15490 0.000 -1 1581248565.558304
125.430000 3.859 0.490 0.16470 0.000 -1 1581248565.571271
125.440000 3.859 0.490 0.17460 0.000 -1 1581248565.576958
125.450000 3.859 0.490 0.18480 0.000 -1 1581248565.588670
125.460000 3.859 0.490 0.19540 0.000 -1 1581248565.602424
125.470000 3.859 0.490 0.20610 0.000 -1 1581248565.609249
125.480000 3.859 0.490 0.21710 0.000 -1 1581248565.622998
125.490000 3.859 0.490 0.22850 0.000 -1 1581248565.628397
125.500000 3.859 0.490 0.24000 0.000 -1 1581248565.639313
125.510000 3.859 0.490 0.25180 0.000 -1 1581248565.650123
125.520000 3.859 0.490 0.26320 0.000 -1 1581248565.655382
125.530000 3.859 0.490 0.27540 0.000 -1 1581248565.666120
125.540000 3.859 0.490 0.28800 0.000 -1 1581248565.677168
125.550000 3.859 0.490 0.29990 0.000 -1 1581248565.687849
125.560000 3.859 0.490 0.31330 0.000 -1 1581248565.698635
125.570000 3.859 0.490 0.32630 0.000 -1 1581248565.711354
125.580000 3.859 0.490 0.33930 0.000 -1 1581248565.717100
125.590000 3.859 0.490 0.35350 0.000 -1 1581248565.727765
125.600000 3.859 0.490 0.36680 0.000 -1 1581248565.739788
125.610000 3.859 0.490 0.38100 0.000 -1 1581248565.751468
125.620000 3.859 0.490 0.39440 0.000 -1 1581248565.756834
125.630000 3.859 0.490 0.40940 0.000 -1 1581248565.767239
125.640000 3.859 0.490 0.42400 0.000 -1 1581248565.778725
125.650000 3.859 0.490 0.43860 0.000 -1 1581248565.790026
125.660000 3.859 0.490 0.45390 0.000 -1 1581248565.801283
125.670000 3.859 0.490 0.46930 0.000 -1 1581248565.807091
125.680000 3.859 0.490 0.48470 0.000 -1 1581248565.818863
125.690000 3.859 0.490 0.50080 0.000 -1 1581248565.832111
125.700000 3.859 0.490 0.51700 0.000 -1 1581248565.838798
125.710000 3.859 0.490 0.53310 0.000 -1 1581248565.850010
125.720000 3.859 0.490 0.54930 0.000 -1 1581248565.864157
125.730000 3.859 0.490 0.56620 0.000 -1 1581248565.869779
125.740000 3.859 0.490 0.58320 0.000 -1 1581248565.881570
125.750000 3.859 0.490 0.60010 0.000 -1 1581248565.887482
125.760000 3.859 0.490 0.61750 0.000 -1 1581248565.898532
125.770000 3.859 0.490 0.63560 0.000 -1 1581248565.912073
125.780000 3.859 0.490 0.65290 0.000 -1 1581248565.917348
125.790000 3.859 0.490 0.67180 0.000 -1 1581248565.928376
125.800000 3.859 0.490 0.69000 0.000 -1 1581248565.939285
125.810000 3.859 0.490 0.70850 0.000 -1 1581248565.950669
125.820000 3.859 0.490 0.72700 0.000 -1 1581248565.961473
125.830000 3.859 0.490 0.74590 0.000 -1 1581248565.972065
125.840000 3.859 0.490 0.76560 0.000 -1 1581248565.977652
125.850000 3.859 0.490 0.78450 0.000 -1 1581248565.989493
125.860000 3.859 0.490 0.80460 0.000 -1 1581248566.000617
125.870000 3.859 0.490 0.82470 0.000 -1 1581248566.007381
125.880000 3.859 0.490 0.84440 0.000 -1 1581248566.018873
125.890000 3.859 0.490 0.86570 0.000 -1 1581248566.031869
125.900000 3.859 0.490 0.88620 0.000 -1 1581248566.037657
125.910000 3.859 0.490 0.90670 0.000 -1 1581248566.056297
125.920000 3.859 0.490 0.92800 0.000 -1 1581248566.061750
125.930000 3.859 0.490 0.94920 0.000 -1 1581248566.067292
125.940000 3.859 0.490 0.97090 0.000 -1 1581248566.078783
125.950000 3.859 0.490 0.99260 0.000 -1 1581248566.089964
125.960000 3.859 0.490 1.01460 0.000 -1 1581248566.095431
125.970000 3.859 0.490 1.03670 0.000 -1 1581248566.107242
125.980000 3.859 0.490 1.05960 0.000 -1 1581248566.118333
125.990000 3.859 0.490 1.08240 0.000 -1 1581248566.132892
126.000000 3.859 0.490 1.10530 0.000 -1 1581248566.138343
126.010000 3.859 0.490 1.12770 0.000 -1 1581248566.151722
126.020000 3.859 0.490 1.14940 0.000 -1 1581248566.157410
126.030000 3.859 0.490 1.17070 0.000 -1 1581248566.170177
126.040000 3.859 0.490 1.19160 0.000 -1 1581248566.181760
126.050000 3.859 0.490 1.21170 0.000 -1 1581248566.187726
126.060000 3.859 0.490 1.23140 0.000 -1 1581248566.200516
126.070000 3.859 0.490 1.25110 0.000 -1 1581248566.211281
126.080000 3.859 0.490 1.26920 0.000 -1 1581248566.219211
126.090000 3.859 0.490 1.28770 0.000 -1 1581248566.231143
126.100000 3.859 0.490 1.30540 0.000 -1 1581248566.237321
126.110000 3.859 0.490 1.32240 0.000 -1 1581248566.248374
126.120000 3.859 0.490 1.33930 0.000 -1 1581248566.259409
126.130000 3.859 0.490 1.35550 0.000 -1 1581248566.272021
126.140000 3.859 0.490 1.37090 0.000 -1 1581248566.278883
126.150000 3.859 0.490 1.38620 0.000 -1 1581248566.289770
126.160000 3.859 0.490 1.40080 0.000 -1 1581248566.295489
126.170000 3.859 0.490 1.41500 0.000 -1 1581248566.306289
126.180000 3.859 0.490 1.42840 0.000 -1 1581248566.318316
126.190000 3.859 0.490 1.44180 0.000 -1 1581248566.329741
126.200000 3.859 0.490 1.45360 0.000 -1 1581248566.340574
126.210000 3.859 0.490 1.46620 0.000 -1 1581248566.345974
126.220000 3.859 0.490 1.47800 0.000 -1 1581248566.363257
126.230000 3.859 0.490 1.48830 0.000 -1 1581248566.369043
126.240000 3.859 0.490 1.49930 0.000 -1 1581248566.381211
126.250000 3.859 0.490 1.50960 0.000 -1 1581248566.386865
126.260000 3.859 0.490 1.51820 0.000 -1 1581248566.401921
126.270000 3.859 0.490 1.52770 0.000 -1 1581248566.407394
126.280000 3.859 0.490 1.53640 0.000 -1 1581248566.418283
126.290000 3.859 0.490 1.54380 0.000 -1 1581248566.428893
126.300000 3.859 0.490 1.55050 0.000 -1 1581248566.440700
126.310000 3.859 0.490 1.55680 0.000 -1 1581248566.445946
126.320000 3.859 0.490 1.56320 0.000 -1 1581248566.457330
126.330000 3.859 0.490 1.56870 0.000 -1 1581248566.469030
126.350000 3.859 0.490 1.57620 0.000 -1 1581248566.485720
126.540000 3.859 0.494 1.57500 0.000 -1 1581248566.688700
126.600000 3.859 0.497 1.57420 0.000 -1 1581248566.746672
126.640000 3.859 0.500 1.57380 0.000 -1 1581248566.787332
126.680000 3.859 0.503 1.57380 0.000 -1 1581248566.826233
126.710000 3.859 0.506 1.57340 0.000 -1 1581248566.862514
126.740000 3.859 0.509 1.57420 0.000 -1 1581248566.886779
126.770000 3.859 0.513 1.57380 0.000 -1 1581248566.916927
126.800000 3.859 0.516 1.57380 0.000 -1 1581248566.947320
126.830000 3.859 0.520 1.57380 0.000 -1 1581248566.981134
126.860000 3.859 0.524 1.57380 0.000 -1 1581248567.010086
126.880000 3.859 0.527 1.57380 0.000 -1 1581248567.027378
126.900000 3.859 0.530 1.57340 0.000 -1 1581248567.046494
126.920000 3.859 0.534 1.57340 0.000 -1 1581248567.071967
126.940000 3.859 0.537 1.57380 0.000 -1 1581248567.089546
126.960000 3.859 0.540 1.57380 0.000 -1 1581248567.106194
126.980000 3.859 0.544 1.57380 0.000 -1 1581248567.135313
127.000000 3.859 0.548 1.57380 0.000 -1 1581248567.147046
127.020000 3.859 0.551 1.57420 0.000 -1 1581248567.165738
127.040000 3.859 0.555 1.57340 0.000 -1 1581248567.195063
127.060000 3.859 0.559 1.57340 0.000 -1 1581248567.206661
127.080000 3.859 0.564 1.57340 0.000 -1 1581248567.233308
127.100000 3.859 0.568 1.57340 0.000 -1 1581248567.250494
127.120000 3.859 0.572 1.57340 0.000 -1 1581248567.267464
127.140000 3.859 0.577 1.57340 0.000 -1 1581248567.296030
127.160000 3.859 0.581 1.57300 0.000 -1 1581248567.308418
127.180000 3.859 0.586 1.57300 0.000 -1 1581248567.330780
127.200000 3.859 0.591 1.57300 0.000 -1 1581248567.348197
127.220000 3.859 0.596 1.57300 0.000 -1 1581248567.365877
127.240000 3.859 0.601 1.57340 0.000 -1 1581248567.389340
127.260000 3.859 0.606 1.57340 0.000 -1 1581248567.405985
127.280000 3.859 0.610 1.57340 0.000 -1 1581248567.430960
127.300000 3.859 0.615 1.57300 0.000 -1 1581248567.449228
127.320000 3.859 0.619 1.57300 0.000 -1 1581248567.467772
127.340000 3.859 0.624 1.57380 0.000 -1 1581248567.490314
127.360000 3.859 0.628 1.57380 0.000 -1 1581248567.507402
127.380000 3.859 0.632 1.57340 0.000 -1 1581248567.527427
127.400000 3.859 0.636 1.57340 0.000 -1 1581248567.550741
127.420000 3.859 0.639 1.57340 0.000 -1 1581248567.567159
127.440000 3.859 0.643 1.57340 0.000 -1 1581248567.589581
127.460000 3.859 0.646 1.57340 0.000 -1 1581248567.605905
127.480000 3.859 0.650 1.57380 0.000 -1 1581248567.630428
127.500000 3.859 0.653 1.57380 0.000 -1 1581248567.648913
127.520000 3.859 0.656 1.57340 0.000 -1 1581248567.665608
127.540000 3.859 0.659 1.57340 0.000 -1 1581248567.688279
127.570000 3.859 0.663 1.57340 0.000 -1 1581248567.717273
127.600000 3.859 0.667 1.57340 0.000 -1 1581248567.746052
127.630000 3.859 0.671 1.57300 0.000 -1 1581248567.775552
127.660000 3.859 0.675 1.57300 0.000 -1 1581248567.805530
127.690000 3.859 0.678 1.57300 0.000 -1 1581248567.839454
127.730000 3.859 0.681 1.57340 0.000 -1 1581248567.885400
127.770000 3.859 0.684 1.57340 0.000 -1 1581248567.918541
